0.706784 0.574637 0
0.661355 0.615542 0
0.643611 0.353354 0
1.013246 0.140085 0
1.199154 0.25976 0
0.761148 0.283221 0
0.581933 0.432534 0
0.877028 0.264002 0
1.018214 0.474275 0
1.124777 0.323426 0
0.589663 0.624552 0
0.936253 0.56057 0
1.171294 0.348897 0
1.075823 0.577422 0
0.804409 0.318275 0
1.189174 0.30279 0
1.03942 0.319914 0
0.779504 0.473534 0
1.070907 0.268899 0
0.632193 0.291701 0
0.897691 0.316269 0
0.615362 0.317477 0
0.934356 0.48941 0
0.518463 0.227733 0
0.657512 0.265318 0
1.167198 0.394124 0
0.7715 0.466696 0
0.848457 0.566854 0
0.5593 0.352165 0
0.78498 0.590415 0
0.556974 0.523746 0
0.684294 0.204497 0
0.914054 0.288643 0
1.185183 0.251768 0
1.010868 0.30307 0
0.899473 0.368438 0
1.067287 0.222847 0
1.020597 0.321129 0
0.523253 0.355426 0
0.919463 0.309039 0
0.766044 0.19013 0
0.902116 0.48453 0
0.967448 0.109586 0
1.11137 0.342279 0
0.642135 0.287499 0
1.074908 0.148965 0
0.823412 0.506216 0
0.967029 0.201723 0
0.727024 0.205386 0
0.781101 0.288986 0
0.8433 0.155404 0
0.533394 0.212905 0
0.858069 0.601012 0
0.846891 0.288726 0
0.652482 0.259185 0
0.759317 0.374346 0
0.655335 0.30196 0
0.852011 0.154434 0
0.73388 0.225307 0
0.968539 0.307614 0
1.013107 0.266538 0
1.004684 0.201777 0
1.072366 0.473415 0
1.025648 0.536099 0
1.070218 0.381649 0
1.169677 0.408309 0
0.898335 0.347703 0
1.166639 0.125779 0
0.934099 0.516241 0
0.953021 0.572554 0
0.569637 0.27275 0
0.948508 0.567447 0
0.640635 0.354322 0
0.72848 0.1835 0
0.741305 0.420266 0
0.495827 0.451647 0
0.784103 0.460594 0
0.638959 0.575813 0
0.964013 0.430361 0
0.888967 0.619048 0
0.771632 0.37424 0
0.894349 0.420767 0
0.859805 0.159095 0
0.863166 0.424126 0
0.805743 0.397291 0
0.777545 0.507259 0
0.936085 0.260579 0
0.782323 0.211722 0
1.003986 0.566711 0
0.875018 0.487521 0
0.954128 0.163668 0
0.769676 0.260705 0
1.079469 0.177284 0
0.795918 0.559604 0
0.740456 0.596556 0
0.631544 0.500047 0
0.800849 0.270116 0
0.802262 0.47891 0
0.549009 0.281 0
0.719846 0.392353 0
0.671138 0.457029 0
0.992185 0.275457 0
1.056306 0.134727 0
1.023876 0.305171 0
1.023546 0.351086 0
0.576232 0.561692 0
0.654203 0.369592 0
0.792023 0.192504 0
0.615068 0.567883 0
0.570481 0.592493 0
0.656647 0.468133 0
0.761731 0.436264 0
0.565518 0.219918 0
0.913853 0.46018 0
0.841768 0.113962 0
0.687583 0.512982 0
0.816816 0.529704 0
0.877747 0.378242 0
0.583362 0.355648 0
0.845986 0.121941 0
0.690819 0.635253 0
0.60129 0.250505 0
0.626797 0.533502 0
0.742535 0.276146 0
1.171232 0.277655 0
0.774033 0.102338 0
0.696506 0.544684 0
1.152697 0.365381 0
0.890726 0.313608 0
0.63891 0.27932 0
1.004858 0.288467 0
0.970783 0.505706 0
0.724976 0.123122 0
0.612631 0.520971 0
0.85489 0.39388 0
0.677533 0.442453 0
1.112594 0.42733 0
0.847842 0.184714 0
0.952799 0.420422 0
0.911447 0.158923 0
0.947463 0.161047 0
0.601909 0.500324 0
0.719955 0.130578 0
0.57655 0.511971 0
0.585469 0.421527 0
1.046993 0.33739 0
0.598849 0.251867 0
0.674473 0.198735 0
0.653828 0.202374 0
1.120104 0.46045 0
1.085784 0.305074 0
0.678065 0.22672 0
0.889692 0.496625 0
1.160637 0.291426 0
0.774006 0.610171 0
0.727306 0.599979 0
0.918376 0.149938 0
0.957966 0.434439 0
0.550143 0.302151 0
0.568239 0.538075 0
0.728258 0.476011 0
0.522719 0.445654 0
0.832719 0.157444 0
1.149984 0.229684 0
0.695696 0.454091 0
1.166979 0.240394 0
1.055852 0.239494 0
0.685925 0.207533 0
0.576453 0.297869 0
0.717799 0.166327 0
0.718781 0.193581 0
0.60969 0.129201 0
0.866015 0.258711 0
0.611409 0.388419 0
0.588402 0.179961 0
0.825609 0.129368 0
1.057184 0.220743 0
0.809495 0.510725 0
0.957108 0.134038 0
0.674518 0.441065 0
0.970238 0.61211 0
0.636692 0.358439 0
0.657351 0.417388 0
1.031877 0.531181 0
0.736676 0.28681 0
0.773555 0.437187 0
0.731269 0.455285 0
0.695532 0.515889 0
1.088363 0.187291 0
0.854028 0.180069 0
1.077354 0.141092 0
0.76863 0.157896 0
0.841293 0.55242 0
0.968188 0.179798 0
0.911797 0.281428 0
0.680833 0.312556 0
0.509016 0.351686 0
1.096109 0.335665 0
0.60059 0.443115 0
1.048299 0.388316 0
0.747091 0.433791 0
1.084577 0.175652 0
0.625907 0.391191 0
0.829848 0.397881 0
1.157561 0.335025 0
0.936198 0.426471 0
0.927669 0.280714 0
0.870266 0.357242 0
1.038596 0.255745 0
1.165852 0.240621 0
0.933157 0.386155 0
0.972103 0.426737 0
0.519552 0.446776 0
0.963153 0.327608 0
0.601755 0.24795 0
1.039444 0.380131 0
1.034404 0.405212 0
0.837996 0.351156 0
0.745705 0.498765 0
0.944997 0.487277 0
1.009371 0.280199 0
1.028781 0.486946 0
0.818908 0.27483 0
0.837091 0.348605 0
0.608251 0.278196 0
0.817132 0.463231 0
1.184864 0.159774 0
0.824689 0.580071 0
0.842049 0.407655 0
1.025316 0.452625 0
1.021794 0.187512 0
1.152722 0.350668 0
1.005921 0.128958 0
0.929242 0.29263 0
1.012733 0.331365 0
0.875799 0.52501 0
2.32821 1.963276 1
2.358741 2.052607 1
2.349013 2.165549 1
2.50998 1.906804 1
2.517738 1.833629 1
2.293817 2.130499 1
2.478015 2.207925 1
2.524785 1.874756 1
2.575812 2.112723 1
2.58062 1.814798 1
2.49474 2.183212 1
2.367903 2.156076 1
2.537063 2.116017 1
2.508802 2.219224 1
2.364258 2.148012 1
2.45227 1.904531 1
2.476231 2.219874 1
2.344452 2.057544 1
2.376223 1.881996 1
2.26971 2.33375 1
2.450068 2.160784 1
2.600309 2.086345 1
2.491405 1.94603 1
2.416485 1.938815 1
2.373504 1.809196 1
2.447637 2.025415 1
2.573552 2.001264 1
2.603628 1.887598 1
2.524022 2.057699 1
2.488475 1.966076 1
2.611144 2.308236 1
2.387328 2.208472 1
2.514243 2.187748 1
2.482628 2.064545 1
2.398866 2.013866 1
2.454223 2.241076 1
2.35168 2.221351 1
2.459823 2.170867 1
2.496064 1.778404 1
2.335652 1.93644 1
2.34301 2.233228 1
2.625412 1.872967 1
2.468238 2.29478 1
2.61587 2.130569 1
2.540833 2.294008 1
2.414062 2.106411 1
2.423674 1.953826 1
2.514543 1.962297 1
2.569454 2.07056 1
2.414265 1.964506 1
2.494725 2.051006 1
2.318721 2.23465 1
2.393102 2.235521 1
2.486353 2.281231 1
2.351452 2.212534 1
2.381858 1.854391 1
2.347214 2.270223 1
2.534725 1.864804 1
2.612245 2.216738 1
2.575714 2.220416 1
2.377201 1.858632 1
2.502966 1.896023 1
2.552141 1.925806 1
2.499796 2.252828 1
2.431732 1.977906 1
2.35429 2.068327 1
2.501779 2.111988 1
2.548018 1.774587 1
2.496016 2.224607 1
2.333064 2.159022 1
2.418186 1.881446 1
2.468104 2.049099 1
2.444778 1.830997 1
2.389605 2.288509 1
2.419909 2.137415 1
2.469721 2.198868 1
2.346554 2.032152 1
2.351006 2.013494 1
2.595738 2.33153 1
2.358613 2.253543 1
2.552509 1.947853 1
2.430757 2.208813 1
2.513966 1.965128 1
2.588942 2.107167 1
2.369457 2.06554 1
2.359604 2.184425 1
2.492052 2.141403 1
2.325025 2.214494 1
2.412348 1.921467 1
2.470711 2.004582 1
2.468083 2.11213 1
2.460228 1.899848 1
2.547389 1.969235 1
2.311046 2.232521 1
2.519135 2.031319 1
2.590725 2.178682 1
2.491902 1.863256 1
2.474098 2.01428 1
2.54595 2.1234 1
2.620963 2.045562 1
2.326548 2.264734 1
2.615953 2.195008 1
2.468526 1.914522 1
0.245011 2.252178 2
0.451991 2.215971 2
0.488771 2.095888 2
0.769348 2.273021 2
0.504457 2.120058 2
0.627552 2.297562 2
0.770432 2.259573 2
0.413283 2.293868 2
0.36674 2.276875 2
0.467586 2.230876 2
0.825274 2.220752 2
0.485491 2.147538 2
0.637086 1.990623 2
0.681549 2.098095 2
0.715146 1.965776 2
0.348785 2.224401 2
0.783484 2.217794 2
0.726146 1.910063 2
0.441672 2.152638 2
0.841118 2.184925 2
0.649026 1.970999 2
0.818241 2.082923 2
0.609634 2.130063 2
0.317616 2.157538 2
0.622636 2.091363 2
0.774561 1.970129 2
0.797888 2.23451 2
0.705787 1.89118 2
0.517439 2.261145 2
0.588306 2.257939 2
0.638923 2.06569 2
0.686294 2.230519 2
0.572744 2.034797 2
0.708274 1.984277 2
0.697136 2.006529 2
0.58554 1.917745 2
0.686686 1.912742 2
0.337164 2.224001 2
0.873389 2.185951 2
0.43431 2.302994 2
0.485658 2.279578 2
0.790156 2.133087 2
0.545884 2.076729 2
0.754957 1.961037 2
0.620584 2.194711 2
0.469698 2.184528 2
0.780605 2.230199 2
0.88608 2.301214 2
0.679866 2.052769 2
0.512765 2.067854 2
0.693074 2.220979 2
0.685501 2.177471 2
0.86559 2.267679 2
0.736286 2.152195 2
0.701687 1.868169 2
0.777296 2.231931 2
0.65084 2.244741 2
0.654538 1.951476 2
0.605789 2.289693 2
0.601644 2.018498 2
0.406877 2.291979 2
0.485412 2.164043 2
0.770798 2.073886 2
0.289045 2.25779 2
0.631392 2.187194 2
0.378877 2.186413 2
0.62713 2.007674 2
0.714767 2.033737 2
0.569372 1.993996 2
0.42941 2.173186 2
0.522871 2.319254 2
0.429351 2.216119 2
0.249866 2.258336 2
0.478974 2.133326 2
0.794851 2.087141 2
0.587389 2.222199 2
0.785328 1.899266 2
0.835183 2.139232 2
0.394404 2.250741 2
0.476737 2.101298 2
0.891257 2.242665 2
0.581899 2.169762 2
0.437138 2.133923 2
0.320846 2.218921 2
0.721169 2.244175 2
0.446179 2.11377 2
0.66524 2.278867 2
0.360901 2.270735 2
0.626131 2.008062 2
0.598693 2.001487 2
0.518633 2.206205 2
0.777273 2.147082 2
0.298168 2.195392 2
0.8447 2.210245 2
0.481461 2.084889 2
0.758282 2.197491 2
0.737822 2.09253 2
0.268412 2.243001 2
0.861335 2.246261 2
0.546055 2.080786 2
0.502692 2.117099 2
0.694948 2.117478 2
0.66354 2.214342 2
0.553255 2.20035 2
0.207084 2.236262 2
0.231278 2.313988 2
0.577554 1.957961 2
0.500412 2.121982 2
0.763671 2.284088 2
0.614394 1.893742 2
0.699472 2.031359 2
0.648034 2.174759 2
0.637441 2.131641 2
0.546457 2.23146 2
0.36782 2.125924 2
0.307957 2.225161 2
0.71345 2.08332 2
0.531801 2.222347 2
0.594333 2.256799 2
0.509406 2.291426 2
0.720806 1.961678 2
0.61771 2.2178 2
0.375201 2.177956 2
0.414593 2.155588 2
0.728405 2.028804 2
0.67386 2.293851 2
0.518763 2.123545 2
0.626813 2.263709 2
0.662194 2.123576 2
2.565648 0.435877 3
2.439253 0.084138 3
2.08101 0.29671 3
2.427949 0.301663 3
2.091478 0.327541 3
2.507395 0.178057 3
2.332036 0.256084 3
2.575845 0.587895 3
2.312957 0.616678 3
2.447465 0.340874 3
2.461695 0.199204 3
2.16618 0.206476 3
1.979934 0.169485 3
2.375633 0.296341 3
2.390277 0.49958 3
2.54381 0.233573 3
2.119791 0.304575 3
2.503049 0.330706 3
2.557703 0.472266 3
2.184916 0.138855 3
2.37354 0.372284 3
2.425976 0.560391 3
2.270876 0.236127 3
2.284078 0.221582 3
2.354629 0.58789 3
2.424109 0.492666 3
2.556126 0.426685 3
2.165597 0.101585 3
2.30086 0.231064 3
2.48847 0.352125 3
2.505428 0.383148 3
2.415381 0.341152 3
2.131439 0.197011 3
2.510896 0.469536 3
2.461738 0.194817 3
2.597823 0.250663 3
2.376219 0.69196 3
2.438042 0.412291 3
2.322989 0.589625 3
2.273459 0.329764 3
2.443739 0.1422 3
2.238654 0.260612 3
2.539334 0.622795 3
2.533524 0.598153 3
2.526391 0.485866 3
2.25965 0.390978 3
2.347681 0.126129 3
2.488859 0.401975 3
2.461844 0.591352 3
2.434539 0.500353 3
2.100431 0.22938 3
2.581054 0.377961 3
2.160273 0.358583 3
2.293444 0.211067 3
2.38324 0.646095 3
2.342014 0.368145 3
2.524822 0.598878 3
2.273368 0.41734 3
2.559177 0.248122 3
2.327083 0.318651 3
2.517758 0.134309 3
2.391174 0.363842 3
2.504499 0.463038 3
2.208429 0.46759 3
2.578335 0.507353 3
2.346373 0.289684 3
2.179726 0.301104 3
2.274244 0.440273 3
2.416843 0.290508 3
2.163371 0.235034 3
2.542111 0.246627 3
2.087378 0.088488 3
2.215554 0.441776 3
2.320121 0.625695 3
2.283489 0.287934 3
2.267425 0.173608 3
2.386031 0.607587 3
2.375655 0.183176 3
2.315647 0.642812 3
2.57936 0.131194 3
2.533613 0.135719 3
2.371179 0.506972 3
2.34941 0.621841 3
2.488441 0.478875 3
2.323843 0.619582 3
2.523779 0.472144 3
2.35578 0.578179 3
2.197287 0.208978 3
2.527586 0.185869 3
2.39574 0.674468 3
2.48324 0.341019 3
2.064967 0.231197 3
2.564724 0.590554 3
2.107944 0.244122 3
2.077366 0.12582 3
2.480167 0.112753 3
2.43244 0.526744 3
2.245913 0.437518 3
2.141164 0.364326 3
2.104702 0.368239 3
2.189376 0.465753 3
2.140058 0.223404 3
2.267492 0.521807 3
2.442257 0.438252 3
2.486453 0.497714 3
2.21626 0.385249 3
2.074608 0.326839 3
2.346289 0.146336 3
2.47734 0.137639 3
2.497644 0.334996 3
2.450395 0.233904 3
2.398823 0.531362 3
2.527676 0.495363 3
2.353283 0.623589 3
2.216686 0.484181 3
2.33092 0.433128 3
2.549131 0.360446 3
2.542882 0.650753 3
2.431688 0.509971 3
2.068664 0.17709 3
2.091913 0.327211 3
2.327796 0.477307 3
2.295029 0.249533 3
2.511132 0.254214 3
2.538183 0.365584 3
2.136057 0.182803 3
2.432126 0.223526 3
2.332208 0.354007 3
2.458115 0.430873 3
2.445391 0.22461 3
2.577628 0.358758 3
2.346084 0.427926 3
2.45325 0.265551 3
2.24992 0.357584 3
2.283825 0.28822 3
2.11238 0.411037 3
2.593347 0.398902 3
2.176356 0.16514 3
2.476234 0.53071 3
2.580198 0.687917 3
2.354707 0.176866 3
2.451911 0.333995 3
2.283064 0.278407 3
2.314178 0.227575 3
2.281278 0.456197 3
2.451976 0.401893 3
2.544697 0.272703 3
2.515285 0.211396 3
2.55868 0.268703 3
2.569893 0.204734 3
2.49947 0.668054 3
2.218055 0.371442 3
2.213271 0.317989 3
2.360568 0.56673 3
2.035109 0.249934 3
2.433562 0.435036 3
2.288792 0.441585 3
2.447636 0.594305 3
2.179156 0.390943 3
2.265697 0.214293 3
2.239977 0.207899 3
2.355123 0.254669 3
2.380765 0.357174 3
2.357721 0.408213 3
2.038702 0.222831 3
2.051421 0.155571 3
2.59 0.407128 3
2.313782 0.57359 3
2.146029 0.207863 3
2.452404 0.419824 3
2.558709 0.433632 3
2.054731 0.263206 3
2.562129 0.625261 3
2.429025 0.130414 3
2.369494 0.554977 3
2.406133 0.546426 3
2.022841 0.248051 3
2.24826 0.166807 3
2.069292 0.156814 3
2.067025 0.081409 3
2.391641 0.465843 3
2.356659 0.622043 3
2.47468 0.613824 3
2.03938 0.190067 3
2.064621 0.383933 3
2.465851 0.179438 3
2.48231 0.509914 3
2.384495 0.429653 3
2.292813 0.251111 3
2.009247 0.198345 3
2.524341 0.225287 3
2.516729 0.589909 3
2.232555 0.550975 3
2.240627 0.088811 3
2.432846 0.227193 3
2.520981 0.227811 3
2.300881 0.47452 3
2.467793 0.290523 3
2.218173 0.231868 3
2.483368 0.595483 3
2.353504 0.20193 3
2.419406 0.299952 3
2.152959 0.378088 3
2.438876 0.314187 3
2.573208 0.127302 3
2.208384 0.413972 3
1.862946 0.936717 4
2.069503 1.405822 4
1.927354 1.136721 4
1.92637 1.37497 4
1.625975 1.258367 4
1.703568 1.078264 4
1.603914 1.323417 4
1.68108 1.146367 4
1.803655 1.033124 4
1.902085 1.118643 4
1.805136 1.379368 4
1.627758 1.176258 4
1.993223 1.335498 4
2.020588 0.992408 4
1.856001 1.182708 4
2.011485 1.405426 4
1.542621 1.425789 4
1.595951 1.148315 4
2.086578 1.407955 4
1.798181 1.198757 4
1.68359 1.242318 4
2.0445 1.196723 4
1.556466 0.898303 4
1.811845 1.186402 4
2.086199 1.097147 4
1.985006 1.081565 4
1.752328 1.396824 4
1.941998 1.544754 4
2.162867 1.285547 4
1.714506 1.425257 4
1.770947 1.067908 4
1.92959 1.074908 4
1.761785 1.262295 4
1.995579 1.044664 4
2.081034 1.313957 4
1.850118 1.254036 4
1.816802 1.003761 4
1.934708 1.017991 4
1.699804 1.351795 4
1.656489 0.994061 4
1.453812 1.208804 4
2.096223 1.228212 4
1.609244 1.148705 4
1.847804 1.488297 4
1.956508 1.328524 4
1.995559 1.45173 4
2.147697 1.336657 4
1.640566 1.365923 4
1.87872 1.295334 4
1.773879 0.92052 4
1.678275 1.30232 4
1.759367 1.162992 4
1.722092 0.963247 4
1.83503 0.999369 4
2.032493 1.064202 4
2.061617 1.284742 4
1.689109 0.976376 4
2.015497 0.986913 4
2.064669 1.016518 4
1.74866 1.031731 4
1.521299 1.138273 4
1.704837 1.356481 4
2.04802 1.413245 4
1.381819 1.192576 4
2.102616 1.06869 4
1.993723 1.028447 4
2.007144 1.07569 4
1.991906 1.020547 4
1.455662 1.092858 4
2.029564 1.261857 4
1.580448 1.207975 4
1.366002 1.140886 4
1.528513 1.317368 4
1.911204 1.135566 4
1.452832 1.347567 4
2.101698 1.340838 4
1.738346 0.955007 4
1.765326 1.271113 4
1.633061 1.208898 4
1.494317 1.261922 4
2.038103 1.356987 4
1.729599 1.376073 4
1.937015 1.189401 4
1.864371 1.210658 4
2.111615 1.323371 4
1.490542 1.080104 4
1.466528 1.117314 4
2.027407 1.473745 4
2.109168 1.156577 4
1.687615 1.172061 4
1.537793 1.023257 4
1.612324 1.442387 4
1.590421 1.344136 4
1.906032 1.324724 4
1.968883 0.967401 4
1.904193 1.30961 4
1.492236 1.163376 4
1.736539 0.927716 4
1.952056 1.244191 4
2.014831 1.02846 4
1.735794 1.059221 4
1.980461 1.256795 4
1.806128 0.891081 4
1.447372 1.304725 4
1.907627 1.531287 4
2.153511 1.047636 4
1.7224 1.305993 4
1.590784 1.370005 4
2.059407 1.071627 4
1.888314 1.011094 4
1.404552 1.12324 4
1.942727 1.212032 4
1.939599 1.096578 4
1.942333 1.270336 4
1.614171 1.376363 4
1.642964 1.389222 4
1.566719 1.356372 4
1.829456 1.225586 4
1.684866 1.378622 4
1.660264 0.924365 4
1.648415 1.120511 4
1.635586 1.040941 4
1.802953 0.954081 4
1.411063 1.148639 4
1.801804 1.383619 4
1.528841 1.147813 4
1.601635 1.047408 4
1.523019 1.200841 4
1.538544 1.28526 4
1.93968 1.252393 4
1.924091 0.974183 4
1.924292 1.377154 4
1.746018 0.908148 4
1.678729 0.925467 4
1.406948 1.159055 4
1.89184 1.43364 4
1.959907 1.421719 4
1.893231 1.282197 4
1.702959 1.108271 4
1.807193 1.103149 4
1.674225 1.288772 4
1.657091 1.2896 4
2.005527 1.34981 4
1.529148 0.975243 4
1.512613 1.069477 4
1.50165 0.994398 4
1.876754 1.072515 4
1.58961 1.354757 4
2.037988 1.493538 4
1.608579 1.287304 4
2.105489 1.018068 4
1.900852 1.368155 4
1.728993 1.313369 4
1.923888 1.212731 4
1.557781 1.395161 4
1.933049 1.501871 4
1.526187 1.427424 4
1.550334 1.270874 4
1.943786 0.887958 4
1.373586 1.235003 4
1.75851 1.082493 4
1.600167 1.293405 4
2.127509 1.240342 4
1.738882 1.387977 4
1.790358 1.506264 4
1.879919 0.903421 4
2.128801 1.165002 4
1.902802 1.137346 4
1.707224 0.927319 4
1.408166 1.067692 4
1.547046 1.369664 4
1.892374 1.046521 4
1.847197 1.013484 4
1.530477 0.931554 4
1.595092 0.911297 4
1.559383 1.042738 4
2.063335 1.181546 4
1.725236 1.217095 4
2.155578 1.186614 4
1.483552 1.1014 4
1.699736 1.324528 4
2.135008 1.078804 4
1.545537 1.117711 4
2.002754 1.159825 4
1.742642 1.407183 4
1.889326 1.332486 4
1.721448 1.145984 4
1.795729 1.046984 4
1.746522 1.182693 4
1.63984 0.938107 4
1.393334 1.268796 4
2.037348 1.364133 4
1.664575 1.12427 4
1.486331 1.058709 4
1.688336 1.174117 4
1.80475 1.295505 4
1.556779 1.355389 4
1.802499 0.986911 4
1.434075 1.248326 4
2.02084 1.333322 4
1.47123 1.170774 4
1.928297 1.143108 4
1.726049 1.368026 4
1.848532 1.06133 4
1.538204 1.312931 4
2.036492 1.196939 4
1.871223 1.125251 4
1.907516 1.440993 4
2.09692 1.094832 4
1.684326 1.262665 4
2.004716 1.270072 4
1.991951 1.01655 4
1.508368 0.960437 4
1.887492 1.31436 4
2.093715 1.266263 4
1.500958 1.02629 4
1.482125 1.260796 4
1.863435 1.369629 4
1.927348 1.174577 4
2.152516 1.134109 4
1.439718 1.067392 4
2.083958 1.013247 4
1.682922 1.214617 4
1.874166 1.089737 4
1.502053 1.161105 4
1.669351 1.287903 4
1.7232 1.295476 4
1.929945 1.589345 4
1.763566 1.258616 4
1.342859 1.109548 4
1.84401 1.289369 4
1.949133 1.467736 4
1.471088 1.383609 4
1.805557 1.411554 4
1.944637 1.08637 4
1.572181 0.943256 4
2.098183 1.100029 4
1.962255 1.4558 4
1.5312 1.299711 4
1.878152 1.133347 4
1.903763 0.93857 4
1.828517 0.985008 4
1.722515 1.454296 4
1.684046 1.108345 4
1.884405 1.321468 4
1.47439 1.306501 4
1.548308 0.96374 4
2.12256 1.274369 4
1.916652 1.331489 4
1.6069 1.35942 4
1.770442 1.266413 4
1.90623 1.233378 4
2.056645 0.987934 4
1.38813 1.109012 4
1.649225 1.246726 4
1.697169 1.10666 4
1.845697 1.398125 4
1.476972 1.274153 4
1.618548 1.024056 4
1.516256 1.229177 4
1.445809 1.340994 4
1.855592 1.42894 4
1.382576 1.26563 4
1.605649 0.988854 4
1.880543 1.113818 4
2.119033 1.045963 4
1.874374 1.349417 4
1.931862 0.964868 4
1.42104 1.279843 4
2.138281 1.086099 4
1.830983 1.040422 4
1.750841 1.391814 4
2.054466 0.922476 4
1.643314 0.995868 4
1.916367 1.564566 4
1.689805 1.063317 4
1.887528 1.421887 4
1.644289 1.138544 4
1.366583 1.15911 4
1.614653 1.076682 4
1.516158 1.133046 4
1.424523 1.180445 4
1.838668 0.957711 4
1.596296 1.010666 4
1.753131 1.20283 4
1.821172 1.358879 4
1.730994 1.242402 4
1.813886 1.18473 4
1.928502 1.455438 4
1.324462 1.24673 4
2.101278 1.232867 4
2.074398 1.380772 4
1.477156 1.075244 4
1.425241 1.121534 4
1.639437 1.00055 4
1.871229 1.353165 4
1.972399 1.549923 4
1.927083 1.195492 4
1.793418 1.006446 4
1.749916 0.864788 4
2.139372 1.268417 4
1.449231 1.194441 4
1.927401 1.256805 4
1.440171 2.009705 5
1.446102 2.251158 5
1.806849 2.31841 5
1.690937 2.215534 5
1.375624 2.17974 5
1.677538 2.293881 5
1.939134 2.184626 5
1.480966 2.216004 5
1.951246 2.267773 5
1.623881 2.15513 5
1.727174 2.215744 5
1.778915 2.126045 5
1.599492 2.251494 5
1.431498 2.204725 5
1.973798 2.231275 5
1.397092 2.175826 5
1.93579 2.292583 5
1.820035 2.238165 5
1.774046 2.077409 5
1.642447 2.215779 5
1.526288 2.084056 5
1.454292 2.210069 5
1.894855 2.278048 5
1.598935 2.254185 5
1.775045 2.057246 5
1.907908 2.153827 5
1.602676 2.025648 5
1.758454 2.261122 5
1.726402 2.057569 5
1.691383 1.995274 5
1.710661 2.014059 5
1.640648 2.049219 5
1.450751 2.10918 5
1.443607 2.069725 5
1.959093 2.261238 5
1.570971 2.258883 5
1.483322 2.049911 5
1.46707 1.978414 5
1.550996 2.129755 5
1.611392 2.188798 5
1.81614 2.295259 5
1.469908 2.092511 5
1.875011 2.186853 5
1.439638 2.100264 5
1.771136 2.193144 5
1.387432 2.107133 5
1.867803 2.213471 5
1.534128 2.193144 5
1.819815 2.03518 5
1.645852 2.237759 5
1.615679 2.190773 5
1.596365 2.323309 5
1.58688 2.033018 5
1.661545 2.041897 5
1.624206 2.295871 5
1.727934 2.078536 5
1.373383 2.190784 5
1.502238 2.190527 5
1.473802 2.234517 5
1.761353 2.321201 5
1.600447 2.233774 5
1.602076 2.135635 5
1.846199 2.062395 5
1.607837 2.232087 5
1.784935 1.991469 5
1.396013 2.263918 5
1.708446 2.080862 5
1.545224 2.095685 5
1.442707 2.228594 5
1.745059 2.21996 5
1.8616 2.270212 5
1.433119 2.047371 5
1.68715 2.093469 5
1.536812 2.1873 5
1.491674 2.285868 5
1.634078 2.125274 5
1.677578 2.096859 5
1.660749 2.055586 5
1.511433 2.239608 5
1.647 2.056747 5
1.648568 1.983811 5
1.727053 2.228212 5
1.884369 2.116463 5
1.403104 2.044312 5
1.492199 2.135889 5
1.411747 2.274589 5
1.781831 1.966446 5
1.856773 2.208185 5
1.612082 1.990585 5
1.438292 2.078035 5
1.478928 2.170181 5
1.417137 2.13585 5
1.568041 2.052607 5
1.883435 2.132844 5
1.662723 2.280344 5
1.889255 2.270017 5
1.840184 2.254405 5
1.38314 2.248586 5
1.600518 2.058276 5
1.714827 2.136703 5
1.925666 2.189889 5
1.53222 2.214198 5
1.787187 2.195728 5
1.314665 2.295048 5
1.668712 2.066325 5
1.801124 2.129504 5
1.570874 2.257394 5
1.945069 2.254464 5
1.797782 2.014803 5
1.891345 2.154131 5
1.359575 2.279781 5
1.544596 2.173872 5
1.443029 2.096399 5
1.380085 2.250486 5
1.402587 2.208258 5
1.527123 2.106948 5
1.585654 2.214932 5
1.645165 2.108816 5
1.827702 2.084014 5
1.795181 2.214224 5
1.638098 2.044134 5
1.973312 2.261795 5
1.771037 2.290659 5
1.447431 2.147887 5
1.627282 2.290555 5
1.842616 2.202232 5
1.538902 2.0507 5
1.896754 2.209958 5
1.648501 2.089545 5
1.813681 2.283464 5
0.504691 1.280667 6
0.825124 1.328148 6
0.390385 1.297186 6
0.37179 1.430801 6
0.551506 1.122329 6
0.311142 1.430067 6
0.317357 1.205676 6
0.579408 1.531788 6
0.664376 1.326878 6
0.323436 1.087436 6
0.586653 1.519801 6
0.516238 1.044628 6
0.414204 1.175978 6
0.261536 1.06372 6
0.645857 1.273179 6
0.313954 1.365279 6
0.443862 1.037943 6
0.642119 1.319669 6
0.216807 1.309403 6
0.592723 1.034054 6
0.496162 1.27356 6
0.769205 1.477551 6
0.507662 1.194808 6
0.397491 1.091034 6
0.346093 1.100514 6
0.256651 1.094495 6
0.591602 1.321697 6
0.758244 1.251577 6
0.580813 1.637379 6
0.51324 1.560589 6
0.273406 1.054244 6
0.59735 1.192259 6
0.278718 1.410687 6
0.359491 1.142101 6
0.315225 1.363203 6
0.309073 1.258538 6
0.730199 1.414554 6
0.618911 1.615578 6
0.207662 1.126225 6
0.400661 1.26635 6
0.592411 1.401559 6
0.77858 1.183291 6
0.684224 1.134873 6
0.831891 1.304628 6
0.475026 0.939749 6
0.512443 0.98009 6
0.323096 1.134972 6
0.334872 1.181741 6
0.684381 1.5987 6
0.486325 0.998296 6
0.456039 1.2888 6
0.577452 1.480125 6
0.366465 1.31666 6
0.277867 1.030672 6
0.645572 1.074883 6
0.745328 1.568294 6
0.713708 1.237891 6
0.55452 1.425048 6
0.601011 1.599087 6
0.841526 1.26798 6
0.648968 1.100218 6
0.419729 1.506165 6
0.240216 1.381852 6
0.393976 1.072784 6
0.496778 0.974718 6
0.326298 1.448418 6
0.702622 1.593495 6
0.869219 1.209706 6
0.395886 1.290741 6
0.589703 1.321985 6
0.393663 1.001898 6
0.453663 1.36442 6
0.370488 1.347339 6
0.566853 1.238714 6
0.649104 1.331664 6
0.560896 1.086024 6
0.418518 1.099787 6
0.249586 1.358241 6
0.664514 1.322081 6
0.685294 1.25443 6
0.574596 1.608304 6
0.666589 1.17997 6
0.524973 1.386969 6
0.218219 1.263739 6
0.25079 1.21716 6
0.603916 1.377291 6
0.83498 1.406522 6
0.594365 1.512581 6
0.261986 1.348654 6
0.450011 1.216639 6
0.490515 1.420008 6
0.546896 1.222376 6
0.644136 1.645954 6
0.596109 1.501857 6
0.279149 1.365151 6
0.261252 1.406817 6
0.455492 1.386629 6
0.643106 1.609263 6
0.698901 1.490322 6
0.68138 1.105349 6
0.29562 1.378733 6
0.21885 1.400438 6
0.392998 1.440745 6
0.729192 1.518955 6
0.57948 1.181649 6
0.578281 1.297818 6
0.899893 1.207117 6
0.707988 1.686138 6
0.430239 1.3148 6
0.578955 1.344646 6
0.808123 1.401133 6
0.264471 1.215971 6
0.58164 1.076673 6
0.705865 1.328971 6
0.567364 1.289583 6
0.614982 1.594992 6
0.357972 1.130898 6
0.463177 1.006643 6
0.343081 1.398805 6
0.262564 1.459166 6
0.472471 1.578495 6
0.73191 1.542323 6
0.292374 1.139496 6
0.351464 1.420312 6
0.315295 1.47539 6
0.76122 1.376931 6
0.829948 1.451569 6
0.660839 1.225491 6
0.77392 1.499458 6
0.24336 1.363831 6
0.785502 1.26719 6
0.782151 1.474933 6
0.640187 1.425429 6
0.511782 1.064733 6
0.779109 1.373273 6
0.71201 1.439421 6
0.520347 1.395435 6
0.827347 1.349207 6
0.640847 1.457092 6
0.218536 1.254492 6
0.672381 1.152655 6
0.31943 1.243798 6
0.520325 1.113381 6
0.577964 1.083872 6
0.524749 1.556498 6
0.349317 1.277977 6
0.62663 1.648129 6
0.760112 1.243996 6
0.412247 1.581777 6
0.457941 1.176488 6
0.783819 1.340364 6
0.410989 1.336944 6
0.899321 1.288653 6
0.531647 1.251673 6
0.623746 1.414086 6
0.79416 1.251548 6
0.716615 1.326781 6
0.462737 1.612229 6
0.54947 1.262639 6
0.264488 1.136502 6
0.845665 1.342798 6
0.459708 1.440123 6
0.708725 1.205448 6
0.686461 1.274531 6
0.341989 1.533385 6
0.521113 1.512205 6
0.35683 1.215095 6
0.292738 1.129139 6
0.42749 1.120705 6
0.324175 1.422546 6
0.645465 1.469166 6
0.565009 1.058306 6
0.465981 1.127853 6
0.47948 1.168135 6
0.422596 1.299097 6
0.420653 1.420316 6
0.654459 1.20981 6
0.402526 1.284389 6
0.716458 1.402709 6
0.665698 1.541328 6
0.654107 1.554862 6
0.33682 1.215706 6
0.277615 1.323501 6
0.581463 1.227163 6
0.729769 1.451116 6
0.554357 1.400894 6
0.446426 1.038971 6
0.375062 1.378085 6
0.329064 1.292107 6
0.636705 1.514078 6
0.477186 1.361227 6
0.208811 1.381195 6
0.647006 1.361737 6
0.733915 1.181456 6
0.423743 1.356451 6
0.732282 1.375814 6
0.474354 1.549198 6
0.401243 1.090832 6
0.273752 1.199196 6
0.55106 1.196186 6
0.738146 1.186367 6
0.588857 1.128305 6
0.310725 1.423732 6
0.710512 1.263513 6
0.498026 0.990487 6
0.472201 1.00886 6
0.646748 1.536192 6
0.722449 1.342055 6
0.538343 1.124537 6
0.721472 1.401565 6
0.428599 0.970218 6
0.378353 1.54107 6
0.55644 1.454889 6
0.85619 1.176605 6
0.379772 1.465562 6
0.437181 1.20898 6
0.510503 1.064364 6
0.696743 1.204516 6
0.7855 1.204802 6
0.76447 1.337006 6
0.352892 1.041656 6
0.494477 1.180129 6
0.245523 1.328411 6
0.283128 1.215394 6
0.351452 1.152872 6
0.613753 1.216183 6
0.390571 1.499621 6
0.304295 1.060915 6
0.76415 1.595141 6
0.485662 1.031352 6
0.684972 1.63616 6
0.472329 1.592721 6
0.369142 1.031011 6
0.493579 1.340162 6
0.792838 1.2966 6
0.635346 1.255371 6
0.212815 1.284237 6
0.612037 1.575779 6
0.331248 1.322738 6
0.543679 1.205743 6
0.837652 1.31638 6
0.592037 1.156074 6
0.742569 1.546954 6
0.70934 1.232308 6
0.477613 1.39983 6
0.227962 1.473688 6
0.484987 1.264919 6
0.52904 1.287744 6
0.462198 1.125677 6
0.356199 1.159755 6
0.704746 1.655794 6
0.434094 1.522259 6
0.407467 1.343426 6
0.523015 1.010341 6
0.296201 1.075785 6
0.709828 1.473965 6
0.455518 1.341032 6
0.457974 1.554867 6
0.858213 1.348523 6
0.736916 1.287073 6
0.77595 1.398817 6
0.422806 1.086475 6
1.705795 0.219189 7
1.554232 0.321466 7
1.261685 0.290018 7
1.329867 0.356618 7
1.625504 0.345954 7
1.670466 0.310187 7
1.935054 0.147777 7
1.599427 0.197081 7
1.219787 0.178004 7
1.389034 0.289215 7
1.421886 0.136107 7
1.792387 0.218285 7
1.431312 0.449577 7
1.484139 0.364478 7
1.41446 0.197759 7
1.62778 0.224451 7
1.241434 0.184805 7
1.554175 0.275884 7
1.561049 0.29197 7
1.338082 0.321844 7
1.618779 0.248605 7
1.946761 0.195984 7
1.515875 0.34931 7
1.521396 0.327387 7
1.823626 0.2799 7
1.343767 0.228509 7
1.53833 0.186361 7
1.365373 0.2763 7
1.532738 0.437007 7
1.988053 0.233702 7
1.870581 0.258118 7
1.682231 0.146106 7
1.718934 0.309669 7
1.562599 0.367332 7
1.374824 0.125671 7
1.334326 0.40312 7
1.252219 0.205404 7
1.574154 0.123628 7
1.59655 0.276285 7
1.388855 0.187464 7
1.486832 0.234235 7
1.369542 0.231376 7
1.575969 0.291119 7
1.65759 0.353737 7
1.732941 0.24941 7
1.453978 0.381414 7
1.520113 0.206725 7
1.322978 0.293786 7
1.614945 0.330233 7
1.745947 0.307236 7
1.40909 0.267386 7
1.726598 0.431273 7
1.771916 0.136879 7
1.956331 0.110557 7
1.768602 0.282428 7
1.722921 0.330288 7
1.605237 0.307155 7
1.851733 0.144496 7
1.43289 0.452525 7
1.563288 0.36482 7
1.88795 0.217619 7
1.226044 0.098265 7
1.284122 0.115051 7
1.383769 0.115266 7
1.566389 0.278716 7
1.663636 0.119691 7
1.618793 0.260143 7
1.270592 0.346488 7
1.289792 0.145497 7
1.600865 0.276329 7
1.371897 0.171586 7
1.429223 0.368641 7
1.793493 0.137828 7
1.906663 0.135305 7
1.884723 0.125857 7
1.766755 0.225744 7
1.657094 0.394347 7
1.302353 0.325571 7
1.365357 0.217683 7
1.515237 0.366317 7
1.740898 0.29991 7
1.737516 0.245727 7
1.358464 0.370294 7
1.311055 0.23457 7
1.77887 0.332248 7
1.262522 0.317324 7
1.665112 0.276544 7
1.403349 0.264189 7
1.483273 0.094262 7
1.24195 0.279757 7
1.586223 0.094988 7
1.849074 0.241459 7
1.37421 0.34622 7
1.60875 0.14987 7
1.554235 0.400388 7
1.943222 0.201971 7
1.409568 0.472076 7
1.534826 0.511244 7
1.430124 0.348673 7
1.521626 0.154888 7
1.502606 0.441952 7
1.573805 0.347672 7
1.423854 0.13765 7
2.016048 0.138544 7
1.66136 0.187204 7
1.251635 0.145008 7
1.873197 0.074421 7
1.756175 0.150771 7
1.687662 0.163135 7
1.698043 0.322551 7
1.229204 0.229009 7
1.61694 0.290274 7
1.685347 0.424355 7
1.653436 0.13612 7
1.844449 0.099977 7
1.742633 0.297416 7
1.571512 0.367248 7
1.342096 0.180908 7
1.218079 0.192561 7
1.269615 0.232156 7
1.471524 0.285646 7
1.48024 0.139327 7
1.436944 0.315762 7
1.488631 0.398465 7
1.618509 0.15152 7
1.536495 0.147178 7
1.743273 0.220838 7
1.56122 0.421085 7
1.4583 0.213086 7
1.273574 0.309748 7
1.856745 0.135021 7
1.208753 0.159555 7
1.509186 0.450127 7
1.394938 0.19579 7
1.954735 0.156171 7
1.737717 0.202315 7
1.678534 0.101566 7
1.520826 0.450523 7
1.267677 0.34028 7
1.831783 0.299392 7
1.695608 0.268489 7
1.589438 0.501537 7
1.425844 0.313928 7
1.865685 0.145838 7
1.738451 0.141339 7
1.568556 0.415696 7
1.582768 0.2169 7
1.745277 0.315334 7
1.540816 0.44286 7
1.384494 0.363403 7
1.568093 0.313618 7
1.718742 0.187757 7
1.572417 0.377169 7
1.225204 0.176242 7
1.74289 0.17552 7
1.575686 0.147608 7
1.87772 0.166723 7
1.345183 0.195078 7
1.715384 0.242636 7
1.317578 0.298392 7
1.259253 0.139312 7
1.607662 0.393044 7
2.354716 1.301514 8
2.447389 1.154647 8
2.547521 0.819986 8
2.592795 0.990405 8
2.353767 0.807729 8
2.398486 0.888859 8
2.2193 1.011712 8
2.336659 0.787222 8
2.443365 0.719708 8
2.405737 1.027186 8
2.272996 1.277304 8
2.291368 0.788936 8
2.134421 0.870005 8
2.538322 1.376821 8
2.42059 1.072825 8
2.394489 1.030031 8
2.529704 1.133101 8
2.300882 1.220023 8
2.157778 0.90695 8
2.497578 0.733164 8
2.448033 0.815034 8
2.346737 0.967656 8
2.476348 1.285618 8
2.543516 0.811843 8
2.297332 1.178661 8
2.307643 0.951982 8
2.386336 0.924597 8
2.349956 1.020416 8
2.253772 1.16247 8
2.364491 1.292403 8
2.177501 1.10856 8
2.253046 1.269414 8
2.431855 1.308912 8
2.505495 1.192365 8
2.283588 1.308533 8
2.489077 1.154648 8
2.303962 0.861828 8
2.253403 0.965483 8
2.229787 0.997345 8
2.342983 1.185346 8
2.4123 1.144293 8
2.563588 0.799032 8
2.449604 1.027985 8
2.533084 1.310804 8
2.430615 0.755079 8
2.311848 0.972754 8
2.470085 0.994163 8
2.220745 1.189486 8
2.434952 1.284511 8
2.464291 1.268943 8
2.467482 1.303283 8
2.551846 0.894996 8
2.52661 0.819033 8
2.545925 1.265838 8
2.470334 0.893197 8
2.573634 1.037333 8
2.521132 0.650008 8
2.146436 1.189918 8
2.415445 1.032407 8
2.385014 1.281478 8
2.295484 0.872624 8
2.31691 1.263546 8
2.349145 0.666781 8
2.407842 1.185846 8
2.583349 0.743629 8
2.516607 0.904265 8
2.220477 1.134966 8
2.33641 0.748264 8
2.317773 1.128926 8
2.454255 1.029488 8
2.172236 1.06731 8
2.350638 0.752446 8
2.419247 0.900173 8
2.324097 1.253747 8
2.28737 1.152768 8
2.12315 1.011162 8
2.226789 1.032349 8
2.324204 1.101426 8
2.284333 0.863825 8
2.205297 0.895674 8
2.409412 0.977368 8
2.131945 1.277484 8
2.344514 0.72073 8
2.52556 0.730255 8
2.205874 0.892927 8
2.143978 1.033464 8
2.448126 1.177585 8
2.541181 1.106872 8
2.567193 1.182198 8
2.436643 0.895208 8
2.568582 1.140028 8
2.225042 0.893218 8
2.274387 1.141421 8
2.437589 0.844602 8
2.498124 1.248035 8
2.554586 0.932387 8
2.503441 0.766832 8
2.454385 0.841729 8
2.468665 0.95844 8
2.424997 1.359196 8
2.390475 1.198916 8
2.55995 0.890259 8
2.531487 1.042096 8
2.262867 0.925223 8
2.296153 0.693655 8
2.402139 1.195978 8
2.567208 1.000671 8
2.285172 0.982027 8
2.51964 1.101285 8
2.398441 0.786966 8
2.60186 1.230262 8
2.28992 1.311552 8
2.420716 0.937776 8
2.462398 1.0188 8
2.484709 1.034773 8
2.395796 0.770004 8
2.365466 1.127546 8
2.385075 1.201218 8
2.222389 1.077365 8
2.150674 1.10199 8
2.13703 1.137911 8
2.359247 1.118134 8
2.329943 1.311086 8
2.330015 0.89446 8
2.451678 0.834784 8
2.450895 0.727261 8
2.520134 1.033539 8
2.42109 1.005352 8
2.566093 0.830712 8
2.419342 1.286692 8
2.493737 0.84253 8
2.40094 1.366672 8
2.585154 0.969056 8
2.577816 1.31804 8
2.42249 0.955765 8
2.283136 1.26983 8
2.415086 0.786891 8
2.363714 1.317797 8
2.311373 0.917335 8
2.544519 0.665365 8
2.198874 1.149903 8
2.339813 0.960652 8
2.510746 0.683711 8
2.355584 0.885518 8
2.371199 1.23719 8
2.534606 1.31381 8
2.224469 1.238369 8
2.570104 0.730531 8
2.545602 0.964448 8
2.538007 0.754579 8
2.338079 1.224237 8
2.572069 0.749097 8
2.460904 1.037954 8
2.418552 0.693088 8
2.450629 0.98772 8
2.175701 1.326048 8
2.496719 1.090942 8
2.254222 1.021966 8
2.501427 1.207931 8
2.587153 1.22498 8
2.298253 0.835488 8
2.189399 1.177602 8
2.342964 1.21653 8
2.527057 1.111508 8
2.457411 1.040119 8
2.36128 1.167062 8
2.506487 0.894971 8
2.431623 1.093627 8
2.190809 0.885321 8
2.39446 1.070823 8
2.568094 1.242459 8
2.474364 1.315933 8
2.411132 1.155376 8
2.308114 1.121384 8
2.587634 1.040519 8
2.379228 0.733494 8
2.39765 1.155977 8
2.471778 0.751342 8
2.297885 0.801332 8
2.220422 1.124959 8
2.14577 0.987419 8
2.577954 0.980137 8
2.256172 0.954073 8
2.346066 1.176636 8
2.448343 1.075066 8
2.552686 1.044141 8
2.50761 0.919108 8
2.276021 0.962603 8
2.284089 1.02883 8
2.252232 0.998599 8
2.443418 1.116701 8
2.301384 0.809902 8
2.45155 1.123829 8
2.546768 1.17863 8
2.484568 1.265374 8
2.146382 0.956604 8
2.318965 1.2815 8
2.206573 1.068792 8
2.146202 1.006457 8
2.503295 1.098489 8
2.381739 1.096445 8
2.243393 1.07055 8
2.273285 1.010526 8
2.456385 1.260345 8
2.244508 0.870757 8
2.196165 0.814358 8
2.466201 1.172435 8
2.373564 0.940653 8
2.419848 0.705917 8
2.605882 0.935823 8
1.362063 1.419912 9
0.912873 1.348691 9
1.299226 1.554409 9
1.226919 1.567047 9
1.095775 1.764428 9
1.192982 1.296705 9
1.152053 1.381032 9
0.969187 1.425182 9
1.294424 1.792022 9
1.03843 1.722863 9
1.228118 1.421297 9
1.139013 1.592029 9
1.293105 1.539298 9
1.114381 1.787387 9
0.997085 1.273786 9
1.107196 1.174784 9
1.440523 1.371276 9
1.384646 1.30807 9
1.12221 1.79871 9
1.037235 1.532324 9
1.213846 1.278053 9
1.141617 1.600851 9
1.000349 1.698061 9
1.10198 1.176171 9
0.767009 1.766845 9
0.831201 1.792224 9
1.013427 1.672641 9
1.161325 1.66257 9
0.925716 1.854035 9
1.054496 1.73807 9
0.788463 1.854597 9
0.920104 1.4655 9
1.318282 1.35903 9
1.280821 1.252553 9
1.340282 1.36005 9
0.868438 1.734291 9
0.67614 1.672082 9
1.294704 1.333295 9
0.922348 1.440114 9
1.106167 1.500936 9
1.356729 1.486321 9
1.081274 1.363344 9
1.07823 1.392982 9
1.083372 1.467062 9
1.261108 1.855216 9
1.382363 1.551463 9
0.979615 1.42266 9
1.000667 1.386082 9
1.239002 1.505912 9
1.227684 1.665014 9
1.272696 1.66512 9
1.122037 1.561672 9
1.170928 1.825866 9
1.174481 1.165884 9
0.733675 1.738834 9
0.820921 1.732338 9
1.370127 1.402554 9
1.045726 1.691022 9
1.052595 1.455767 9
0.788143 1.582425 9
1.319415 1.811424 9
1.129873 1.282199 9
1.158283 1.671287 9
0.97162 1.304422 9
1.043542 1.348856 9
1.328487 1.487462 9
0.938273 1.801058 9
1.011876 1.559727 9
1.213237 1.642704 9
1.27333 1.578431 9
0.799946 1.640079 9
1.246716 1.413679 9
0.779574 1.569858 9
0.955441 1.204407 9
0.903273 1.307572 9
1.290186 1.68069 9
1.131095 1.290122 9
1.06025 1.769826 9
1.052296 1.308251 9
1.302799 1.735773 9
0.797203 1.623405 9
1.164902 1.585094 9
1.432119 1.343296 9
1.3807 1.682649 9
1.000112 1.408654 9
1.079104 1.389028 9
1.090966 1.850794 9
1.064279 1.726182 9
1.003961 1.797992 9
0.942173 1.727767 9
1.359466 1.698384 9
1.328155 1.315747 9
1.105575 1.337277 9
1.083945 1.726889 9
0.990433 1.604119 9
1.200214 1.321422 9
0.910308 1.294839 9
0.990549 1.688584 9
0.806935 1.639088 9
1.210827 1.469429 9
0.777335 1.67157 9
0.852418 1.58812 9
1.122582 1.382885 9
1.082713 1.213951 9
0.924291 1.716323 9
1.251826 1.794882 9
1.317431 1.361878 9
1.099126 1.497862 9
1.208655 1.30948 9
0.707047 1.677024 9
1.243338 1.69987 9
1.340381 1.525911 9
0.926031 1.50917 9
1.057102 1.193656 9
1.328941 1.41046 9
0.856336 1.652698 9
0.76078 1.617543 9
0.97585 1.682172 9
0.767326 1.796918 9
0.993735 1.366924 9
1.24988 1.334077 9
1.129238 1.528672 9
1.29326 1.600575 9
1.300094 1.586452 9
0.917357 1.649159 9
1.369606 1.371952 9
0.938439 1.533001 9
1.059718 1.783645 9
1.113332 1.648053 9
1.128773 1.344313 9
1.045315 1.379267 9
0.813723 1.483744 9
1.273717 1.467879 9
0.802527 1.679535 9
0.796057 1.670643 9
0.824831 1.604947 9
0.7844 1.689806 9
1.23366 1.449999 9
0.939241 1.277511 9
0.956208 1.751892 9
0.755258 1.705769 9
1.235179 1.324 9
0.937166 1.503249 9
0.677885 1.648167 9
1.038211 1.361189 9
0.814284 1.453108 9
1.15523 1.485814 9
0.89363 1.675162 9
0.883437 1.354371 9
1.336099 1.210953 9
1.149654 1.801134 9
1.229718 1.36136 9
0.881344 1.746973 9
1.348014 1.732487 9
1.213437 1.832104 9
1.189666 1.651723 9
0.91979 1.534621 9
0.94368 1.299112 9
1.213032 1.250917 9
1.387652 1.451541 9
1.410907 1.45459 9
1.28216 1.243904 9
1.155853 1.479884 9
1.342277 1.194551 9
1.316544 1.718987 9
1.352748 1.516272 9
1.093056 1.744122 9
0.838957 1.685663 9
0.951858 1.271422 9
1.339299 1.590309 9
1.358103 1.547176 9
1.13323 1.762759 9
1.100997 1.464636 9
1.378305 1.469976 9
1.279567 1.431417 9
1.144103 1.26709 9
0.88782 1.674222 9
1.258908 1.889899 9
0.977417 1.667204 9
1.377033 1.376639 9
1.001286 1.753312 9
0.820668 1.820808 9
1.258671 1.812021 9
0.741472 1.548974 9
0.883581 1.462741 9
1.031766 1.57282 9
1.019189 1.299558 9
1.330059 1.268752 9
0.995665 1.533301 9
1.242402 1.769977 9
0.994168 1.442491 9
0.877217 1.578719 9
1.37029 1.409989 9
1.404034 1.426731 9
1.10411 1.611918 9
1.226387 1.521026 9
0.831805 1.702326 9
0.995153 1.645577 9
0.988598 1.841608 9
0.967914 1.31531 9
1.050692 1.582554 9
0.85009 1.469116 9
0.994365 1.477668 9
1.191753 1.708539 9
1.266454 1.256327 9
0.844957 1.320873 9
1.178175 1.413338 9
1.057324 1.658922 9
1.177877 1.234676 9
0.927848 1.649707 9
0.807059 1.722086 9
0.955586 1.591333 9
0.730761 1.800274 9
1.065294 1.67948 9
0.997347 1.525081 9
1.136292 1.312929 9
1.027101 1.196459 9
0.981719 1.345718 9
1.175748 1.376657 9
1.242621 1.573492 9
1.173756 1.744445 9
1.348827 1.570333 9
1.241831 1.771274 9
0.804084 1.54971 9
1.048206 1.29415 9
0.914045 1.812649 9
1.187556 1.752543 9
1.15364 1.73413 9
1.275014 1.595895 9
0.834211 1.65815 9
1.172729 1.720317 9
1.324574 1.592016 9
1.061627 1.405921 9
1.101607 1.249181 9
0.959744 1.585046 9
0.873165 1.577658 9
1.136493 1.799306 9
0.789252 1.74403 9
1.186607 1.183342 9
0.913022 1.716296 9
0.89668 1.569084 9
0.99864 1.653823 9
1.20196 1.816756 9
0.863768 1.755861 9
1.159909 1.810784 9
1.0522 1.827662 9
1.122476 1.663361 9
0.923767 1.685762 9
1.141622 1.516006 9
1.135578 1.386117 9
1.302807 1.614007 9
1.232043 1.238677 9
1.320296 1.655941 9
1.142792 1.538267 9
0.98694 1.451922 9
1.267526 1.675397 9
1.161055 1.787074 9
1.136457 1.286636 9
1.234236 1.255295 9
0.735598 1.844548 9
1.378443 1.620907 9
0.913382 1.537458 9
1.17496 1.633122 9
1.236847 1.45675 9
1.010527 1.490945 9
1.188732 1.527579 9
0.895341 1.33648 9
1.030537 1.507698 9
0.956299 1.772361 9
0.983132 1.784928 9
1.265069 1.160688 9
0.99066 1.40293 9
1.352214 1.348832 9
1.004483 1.679287 9
1.079572 1.526545 9
1.077362 1.218683 9
1.217699 1.241928 9
1.125937 1.436355 9
0.87644 1.346408 9
0.860521 1.459968 9
1.102111 1.629679 9
1.229374 1.522333 9
0.796208 1.803003 9
1.146535 1.371671 9
1.197885 1.24248 9
1.214581 1.516373 9
1.047168 1.27416 9
1.302847 1.527687 9
0.844335 1.450186 9
1.037151 1.355824 9
1.040757 1.595754 9
1.130188 1.859412 9
1.085384 1.664774 9
0.968245 1.390998 9
1.140337 0.507911 10
1.168021 1.017162 10
1.311269 0.859994 10
1.318642 1.101658 10
1.264241 0.586278 10
1.229723 1.017487 10
1.425595 0.763718 10
1.363717 1.124987 10
1.442796 0.852478 10
1.186651 1.028231 10
1.511433 0.495575 10
1.457488 0.948034 10
1.2492 0.629673 10
1.156503 1.090783 10
1.488139 0.903515 10
1.567021 0.640618 10
1.322679 0.766297 10
1.426439 0.521116 10
1.182693 0.513874 10
1.158296 0.420998 10
1.183295 0.624375 10
1.202123 1.17501 10
1.357952 0.567519 10
1.473526 0.587048 10
1.168544 0.764115 10
1.203758 0.937966 10
1.358488 0.68315 10
1.362073 1.105718 10
1.529275 0.900795 10
1.52432 0.694736 10
1.329394 1.026581 10
1.348461 0.65842 10
1.067966 0.656574 10
1.438422 0.793541 10
1.293052 0.869163 10
1.288395 1.13972 10
1.522307 0.802718 10
1.247933 0.541711 10
1.298086 0.905848 10
1.184341 0.732812 10
1.427422 0.9267 10
1.268878 1.100016 10
1.241874 0.805851 10
1.141493 0.713905 10
1.147664 0.811006 10
1.439651 0.772852 10
1.382583 0.488343 10
1.295677 0.707053 10
1.404621 0.855725 10
1.086264 0.619994 10
1.41351 0.506351 10
1.335708 0.788348 10
1.376453 0.457179 10
1.302759 1.086748 10
1.28305 0.593097 10
1.248854 0.495018 10
1.262555 1.039652 10
1.307414 1.130804 10
1.301993 0.783292 10
1.48358 0.780364 10
1.250474 0.508162 10
1.114002 0.499725 10
1.446786 0.596355 10
1.44887 0.488829 10
1.237956 0.88013 10
1.133891 0.847884 10
1.457042 0.704245 10
1.29707 0.925719 10
1.10043 0.952039 10
1.434896 0.827959 10
1.330311 0.630931 10
1.150147 0.506237 10
1.330841 0.95982 10
1.352277 0.663407 10
1.333954 0.821233 10
1.010859 0.662263 10
1.563582 0.805522 10
1.333425 1.089487 10
1.051687 0.61131 10
1.384133 1.013447 10
1.589213 0.738728 10
1.196933 0.943132 10
1.366563 0.487825 10
1.286601 0.552628 10
1.192956 0.430819 10
1.29206 0.579164 10
1.171057 0.799019 10
1.528914 0.684219 10
1.524508 0.687318 10
1.068059 0.69279 10
1.107578 0.855188 10
1.355328 1.203955 10
1.548251 0.846648 10
1.131671 1.053704 10
1.338057 0.472839 10
1.147449 0.740521 10
1.411147 0.914984 10
1.023928 0.767177 10
1.270516 0.545533 10
1.249165 0.470668 10
1.169348 0.962229 10
1.130513 0.857273 10
1.49379 0.612121 10
1.106139 0.907804 10
1.32293 0.629816 10
1.260131 0.418241 10
1.168109 0.489823 10
1.334205 0.569063 10
1.309108 0.861473 10
1.148888 0.665992 10
1.167738 0.687397 10
1.611992 0.817116 10
1.575344 0.937448 10
1.401333 0.538292 10
1.191461 0.565055 10
1.514759 0.5167 10
1.195843 0.759419 10
1.552112 0.772465 10
1.165107 0.393363 10
1.220401 0.916508 10
1.310638 0.801369 10
1.417771 0.951646 10
1.290538 0.47099 10
1.438975 0.797933 10
1.206039 1.102831 10
1.101411 0.929535 10
1.207512 0.43127 10
1.172301 0.555015 10
1.352642 0.711557 10
1.108615 0.515449 10
1.100658 0.5103 10
1.123026 0.752124 10
1.531674 0.814469 10
1.269655 0.506315 10
1.229563 0.465861 10
1.256777 1.13317 10
1.472298 0.625133 10
1.164602 0.6162 10
1.130936 0.813941 10
1.192985 1.071929 10
1.264243 0.657242 10
1.118547 0.989558 10
1.336392 0.799881 10
1.43116 0.837263 10
1.449521 0.966378 10
1.268162 1.023422 10
1.438197 1.076585 10
1.424988 0.62828 10
1.142424 0.910892 10
1.196109 0.48532 10
1.060018 0.663047 10
1.372931 0.805402 10
1.459082 0.450953 10
1.179968 0.875435 10
1.245721 0.710828 10
1.09526 0.755384 10
1.317918 1.08526 10
1.377373 1.037273 10
1.084849 0.755289 10
1.506252 0.745983 10
1.192048 0.665191 10
1.108611 0.884756 10
1.398119 0.543941 10
1.340154 0.793862 10
1.364962 0.678236 10
1.177144 1.098607 10
1.490679 0.557941 10
1.084032 0.801061 10
1.466504 0.667767 10
1.416697 0.464286 10
1.396305 0.7052 10
1.117278 0.710228 10
1.261618 0.403174 10
1.304922 0.863141 10
1.308231 0.542312 10
1.378079 0.635652 10
1.179801 0.462995 10
1.279449 0.823883 10
1.171454 1.014876 10
1.122841 0.672325 10
1.487646 0.689554 10
1.142131 0.611963 10
1.203644 1.043095 10
1.338814 0.932878 10
1.088016 0.524779 10
1.54456 0.648103 10
1.445285 1.004359 10
1.105932 0.846636 10
1.25081 0.829089 10
1.30752 0.992457 10
1.519293 0.589861 10
1.34362 0.646821 10
1.468854 0.731355 10
1.192828 1.042351 10
1.537674 0.723793 10
1.464133 0.793046 10
1.292416 0.769447 10
1.370125 0.950967 10
1.415111 0.927658 10
1.391415 0.711422 10
1.483463 0.70654 10
1.111894 0.429997 10
1.488545 0.612687 10
1.323491 1.137311 10
1.433538 0.642014 10
1.022124 0.625808 10
1.028288 0.830041 10
1.174982 0.759086 10
1.360877 0.546128 10
1.322838 0.731324 10
1.269158 0.537412 10
1.396651 0.537933 10
1.611457 0.824541 10
1.298358 1.168535 10
1.153434 0.525695 10
1.447288 0.652465 10
1.522329 0.943488 10
1.534963 0.744171 10
1.226466 1.109888 10
1.433339 1.039197 10
1.453756 0.80498 10
1.303282 0.45104 10
1.157411 1.130585 10
1.573998 0.845471 10
1.266183 0.899986 10
1.156441 1.065574 10
1.175236 0.599667 10
1.527821 0.713149 10
1.287999 0.358226 10
1.45328 0.548661 10
1.611954 0.860591 10
1.168131 0.757721 10
1.316359 0.505506 10
1.385824 0.94345 10
1.198828 0.840178 10
1.323069 0.90185 10
1.333834 0.744755 10
1.547115 0.777066 10
1.278379 0.886654 10
1.140391 0.598298 10
1.409117 0.973584 10
1.583639 0.776229 10
1.270724 0.964361 10
1.170632 0.529557 10
1.373796 1.021593 10
1.192369 0.40466 10
1.242731 0.725455 10
1.23321 0.790281 10
0.98848 0.595645 10
1.228257 0.375625 10
1.380586 0.447706 10
1.161079 0.431891 10
1.520729 0.889241 10
1.410888 1.035358 10
1.363401 0.789193 10
1.226403 0.745096 10
1.16938 0.939473 10
1.294676 0.397727 10
1.428117 0.785583 10
1.413079 0.898963 10
1.249692 0.592559 10
1.535711 0.915689 10
0.225732 0.818742 11
0.424512 0.903392 11
0.400377 0.783825 11
0.266346 0.63548 11
0.386107 0.669902 11
0.349138 0.453466 11
0.360154 0.681443 11
0.38606 0.61732 11
0.449779 0.655931 11
0.2905 0.761981 11
0.289661 0.895634 11
0.257001 0.873443 11
0.31536 0.492947 11
0.485503 0.455722 11
0.519586 0.713624 11
0.399418 0.650303 11
0.242103 0.594264 11
0.495883 0.819158 11
0.260645 0.48998 11
0.424867 0.810762 11
0.460632 0.951169 11
0.586813 0.676275 11
0.502926 0.87746 11
0.331846 0.745022 11
0.354633 0.496077 11
0.45808 0.43791 11
0.462506 0.796521 11
0.267958 0.523858 11
0.261171 0.800387 11
0.245142 0.953557 11
0.334535 0.630632 11
0.441848 0.759949 11
0.446232 0.679985 11
0.400601 0.614328 11
0.215736 0.64831 11
0.464131 0.513181 11
0.278228 0.691179 11
0.556483 0.710008 11
0.321111 0.578114 11
0.427936 0.476773 11
0.252105 1.065121 11
0.334244 0.474256 11
0.187972 0.599691 11
0.262399 0.63127 11
0.458272 0.835569 11
0.388804 0.519482 11
0.267425 0.559705 11
0.243034 0.884855 11
0.382982 0.789328 11
0.5068 0.69727 11
0.456574 0.451543 11
0.409978 0.960232 11
0.417965 0.956131 11
0.501624 0.769693 11
0.360933 0.601216 11
0.592166 0.627774 11
0.434393 0.501553 11
0.339662 0.506376 11
0.402878 0.72948 11
0.223257 0.969407 11
0.23519 0.67925 11
0.405624 0.622119 11
0.323516 0.942653 11
0.3283 0.979476 11
0.468151 0.581561 11
0.388845 0.776173 11
0.379087 0.458666 11
0.327652 0.664679 11
0.379907 0.671438 11
0.448247 0.71356 11
0.234083 0.49933 11
0.552867 0.622325 11
0.470787 0.89434 11
0.332842 0.844237 11
0.306772 0.813678 11
0.526499 0.674923 11
0.422852 0.461249 11
0.267439 0.992382 11
0.561369 0.740234 11
0.52496 0.699597 11
0.305453 0.783269 11
0.507807 0.632928 11
0.475824 0.906252 11
0.384848 0.671745 11
0.462818 0.574901 11
0.297509 0.905948 11
0.426588 0.472607 11
0.325679 0.905587 11
0.316553 0.849161 11
0.344843 0.840732 11
0.489673 0.573189 11
0.399199 0.58327 11
0.436828 0.586443 11
0.292666 0.438044 11
0.477297 0.855284 11
0.463659 0.753646 11
0.446067 0.593044 11
0.500312 0.689427 11
0.41188 0.52935 11
0.371368 0.828863 11
0.488048 0.864097 11
0.315949 0.771303 11
0.519464 0.601325 11
0.308824 0.774078 11
0.568715 0.593246 11
0.430322 0.957221 11
0.264385 1.04654 11
0.492358 0.720895 11
0.2241 0.705902 11
0.465523 0.584635 11
0.452922 0.951069 11
0.357471 0.956932 11
0.433201 0.842049 11
0.259951 0.491104 11
0.459405 0.771714 11
0.529139 0.865207 11
0.271259 0.988761 11
0.465122 0.551229 11
0.334965 0.721117 11
0.266953 0.638222 11
0.255825 0.60684 11
0.545035 0.586601 11
0.35918 0.766025 11
0.469115 0.921739 11
0.451502 0.969398 11
0.521673 0.79103 11
0.316957 0.959138 11
0.343435 0.500932 11
0.529728 0.744774 11
0.351605 0.936353 11
0.414599 0.992604 11
0.26115 0.910778 11
0.258835 0.653545 11
0.464206 0.512708 11
0.277876 0.585385 11
0.475463 0.659717 11
0.308898 0.747959 11
0.268329 0.815742 11
0.226161 0.795526 11
0.517282 0.512795 11
0.264154 0.991211 11
0.311317 0.57338 11
0.409044 0.797116 11
0.26422 1.034314 11
0.53134 0.128458 12
0.30903 0.119986 12
0.312499 0.124018 12
0.288383 0.239974 12
0.351991 0.246013 12
0.265111 0.421729 12
0.43272 0.29333 12
0.201905 0.253183 12
0.508738 0.218384 12
0.223062 0.225603 12
0.400239 0.221171 12
0.363236 0.230293 12
0.535972 0.159177 12
0.466581 0.31426 12
0.387786 0.423465 12
0.395958 0.157503 12
0.478328 0.37911 12
0.424287 0.27124 12
0.23386 0.26586 12
0.347552 0.201329 12
0.349705 0.322477 12
0.479621 0.117599 12
0.344015 0.452135 12
0.497082 0.412723 12
0.503856 0.082631 12
0.257127 0.178248 12
0.46281 0.217419 12
0.331037 0.178444 12
0.32374 0.139059 12
0.298323 0.391716 12
0.43677 0.211414 12
0.265306 0.396027 12
0.260955 0.172582 12
0.203488 0.321077 12
0.376467 0.258643 12
0.508672 0.282248 12
0.365471 0.197014 12
0.440253 0.227184 12
0.233174 0.388523 12
0.401623 0.296658 12
0.451447 0.406626 12
0.449231 0.206554 12
0.522431 0.33619 12
0.465451 0.432574 12
0.281512 0.268966 12
0.540834 0.218404 12
0.330582 0.462498 12
0.321627 0.353641 12
0.323621 0.149887 12
0.336876 0.249873 12
0.444807 0.305319 12
0.265975 0.478028 12
0.292799 0.280043 12
0.481954 0.355385 12
0.254849 0.378787 12
0.325747 0.294945 12
0.470026 0.359965 12
0.423447 0.133516 12
0.264231 0.417604 12
0.376536 0.37341 12
0.592489 0.116381 12
0.401998 0.145954 12
0.40461 0.358149 12
0.525911 0.461993 12
0.323485 0.131174 12
0.300878 0.249486 12
0.289332 0.326461 12
0.202148 0.174679 12
0.316488 0.250231 12
0.418625 0.133639 12
0.247438 0.336588 12
0.372777 0.339259 12
0.445843 0.140776 12
0.533048 0.138606 12
0.29195 0.217013 12
0.325963 0.312046 12
0.345215 0.431983 12
0.267975 0.373083 12
0.354771 0.357359 12
0.212437 0.152397 12
0.33984 0.317251 12
0.404462 0.347586 12
0.392434 1.642727 13
0.526218 1.675364 13
0.418998 1.863043 13
0.667463 1.814572 13
0.439286 1.698494 13
0.323211 1.6533 13
0.232298 1.670197 13
0.423614 1.704642 13
0.235105 1.896693 13
0.467585 1.799178 13
0.540909 1.849577 13
0.350385 2.093758 13
0.405345 1.783466 13
0.236277 1.798834 13
0.549998 1.973971 13
0.227112 2.154011 13
0.253486 2.20484 13
0.320858 1.952574 13
0.251414 1.852896 13
0.541395 1.618943 13
0.206159 1.723397 13
0.3575 1.799527 13
0.671222 1.75109 13
0.3151 1.947395 13
0.351323 1.917563 13
0.487928 1.889565 13
0.243516 1.570519 13
0.34607 1.579825 13
0.588686 1.773881 13
0.331777 1.528572 13
0.474262 1.767175 13
0.537917 1.842366 13
0.301668 1.96544 13
0.24366 1.996931 13
0.561592 1.951248 13
0.44469 1.758739 13
0.353792 1.629711 13
0.289631 2.145181 13
0.22451 1.748695 13
0.284479 1.63219 13
0.214886 2.198865 13
0.599228 1.941202 13
0.30304 1.736984 13
0.463604 2.022308 13
0.371114 1.562251 13
0.414938 1.681489 13
0.477729 1.930472 13
0.426994 1.910081 13
0.520674 1.844102 13
0.282046 1.862303 13
0.642551 1.723173 13
0.415749 1.997696 13
0.614834 1.81703 13
0.232269 1.701026 13
0.381185 2.010483 13
0.263615 1.896596 13
0.448997 1.670229 13
0.523905 2.063019 13
0.554838 1.632421 13
0.310042 1.729747 13
0.55978 1.892077 13
0.690731 1.76911 13
0.458445 1.968251 13
0.591561 1.838439 13
0.558829 1.855581 13
0.426928 1.79895 13
0.475387 1.80694 13
0.336969 1.97064 13
0.524362 1.900392 13
0.355127 2.015948 13
0.428288 1.726287 13
0.450486 1.666009 13
0.619854 1.753472 13
0.376605 2.090984 13
0.421596 1.812557 13
0.604951 1.923828 13
0.420232 1.957098 13
0.388603 1.596687 13
0.278416 2.044928 13
0.268967 1.958801 13
0.641138 1.868009 13
0.642018 1.677618 13
0.534673 2.02382 13
0.40026 1.701776 13
0.282833 1.540994 13
0.429345 2.08017 13
0.190063 1.780432 13
0.576773 1.712829 13
0.747588 1.825769 13
0.284402 2.046224 13
0.615568 1.835007 13
0.530696 1.60942 13
0.351632 1.572852 13
0.698586 1.875512 13
0.255101 2.064119 13
0.268601 2.178316 13
0.403118 1.860352 13
0.355181 1.70471 13
0.242769 1.549254 13
0.250756 2.093921 13
0.516049 1.825781 13
0.3319 1.804605 13
0.541277 1.641408 13
0.308145 2.016704 13
0.356501 1.869066 13
0.54358 1.780217 13
0.454883 1.608755 13
0.258213 1.979991 13
0.343898 1.689795 13
0.574343 1.69986 13
0.22784 1.968401 13
0.481205 1.758478 13
0.219914 1.591879 13
0.529715 1.79828 13
0.363472 1.942966 13
0.411019 1.892417 13
0.366125 1.938169 13
0.336504 2.069201 13
0.345537 1.685078 13
0.433946 1.537351 13
0.371848 2.008927 13
0.430319 2.006046 13
0.593351 1.794121 13
0.327726 1.628425 13
0.336673 1.910983 13
0.654373 1.866344 13
0.369757 1.936039 13
0.240857 1.538284 13
0.594342 1.718023 13
0.490614 1.994123 13
0.381653 1.796233 13
0.299879 2.055381 13
0.219528 2.141965 13
0.342719 1.969341 13
0.22574 1.840331 13
0.480115 1.829001 13
0.242664 1.810268 13
0.568616 1.703858 13
0.692307 1.702754 13
0.47069 1.889089 13
0.473064 1.724465 13
0.488914 1.7387 13
0.408307 2.135366 13
0.248385 1.583705 13
0.345375 1.643108 13
0.216327 1.841574 13
0.461726 1.758247 13
0.485439 1.683902 13
0.303317 1.677865 13
0.367835 1.515288 13
0.558338 1.650861 13
0.264323 2.12613 13
0.374022 1.729027 13
0.344939 1.799929 13
0.643226 1.794699 13
0.359645 1.719025 13
0.335225 2.122119 13
0.358541 1.714384 13
0.417511 2.04838 13
0.226405 1.60489 13
0.263044 1.534598 13
0.362272 2.120262 13
0.260892 2.04597 13
0.411227 1.557347 13
0.716629 1.840887 13
0.291088 1.819119 13
0.497987 1.747927 13
0.294049 2.10268 13
0.578243 1.909951 13
0.617859 1.863552 13
0.255615 1.9651 13
0.268817 1.684334 13
0.249429 1.675264 13
0.418174 1.880109 13
0.485046 2.048555 13
0.366032 1.758749 13
0.295468 1.996512 13
2.138354 1.61152 14
1.951324 2.225271 14
2.269343 2.184892 14
2.180977 1.943909 14
2.168887 2.246953 14
2.232966 1.720237 14
2.019678 2.126595 14
2.23395 1.804715 14
2.265344 1.945071 14
2.29159 1.905989 14
1.921354 1.821604 14
2.268318 2.028818 14
1.957342 1.767891 14
2.292131 2.119988 14
1.988416 1.657883 14
2.014221 2.104272 14
1.916445 1.987664 14
2.102997 2.254913 14
2.360456 1.859223 14
2.172484 2.202706 14
2.276449 1.919956 14
1.933685 1.824895 14
2.122547 1.91566 14
1.967303 1.984928 14
1.959673 2.122901 14
1.880969 1.872079 14
2.050912 2.003112 14
2.14597 1.664979 14
2.010948 2.217553 14
1.931756 1.706389 14
2.016934 2.058507 14
2.152529 1.862765 14
2.222175 1.84048 14
2.377785 1.888738 14
2.056779 2.174874 14
2.204068 1.76967 14
2.249416 1.763447 14
2.126497 2.023002 14
1.928701 1.807549 14
1.972842 1.873472 14
2.295072 1.974857 14
2.089495 1.773736 14
2.06519 1.64682 14
1.818404 1.894302 14
1.923412 1.757575 14
1.953376 1.697643 14
2.055278 1.623171 14
1.811646 1.976587 14
1.831154 1.817363 14
1.951829 2.192808 14
2.038097 1.805709 14
2.057576 1.945129 14
2.172604 2.112298 14
2.233153 2.159588 14
2.105514 2.121862 14
1.919441 1.584095 14
2.190132 2.025317 14
1.925511 1.914284 14
2.070794 1.844058 14
1.866202 1.782098 14
2.219052 1.980697 14
2.142247 2.063691 14
1.854903 2.009014 14
2.24357 1.830006 14
2.004332 2.077052 14
2.044715 2.151966 14
1.96796 2.094501 14
2.241048 1.909334 14
2.112428 1.739083 14
2.204349 2.317392 14
1.962488 1.695825 14
2.007109 1.881153 14
2.254841 2.077101 14
1.910084 2.071066 14
2.072068 1.673241 14
2.086834 1.773883 14
2.040961 2.153831 14
2.045836 1.665706 14
1.928166 2.120053 14
2.127321 2.003585 14
1.954251 1.768891 14
2.288174 2.28163 14
2.091795 2.320964 14
2.287087 1.939481 14
2.072564 1.715098 14
2.230414 1.937323 14
2.125287 1.998407 14
2.17957 2.140589 14
2.043857 1.936964 14
2.267533 2.255765 14
2.297935 2.233099 14
2.188147 1.804884 14
1.804149 1.909538 14
2.06921 1.77626 14
1.890369 2.032382 14
2.096344 1.88198 14
2.029844 2.162038 14
2.229693 2.083509 14
2.18865 1.805442 14
1.989493 2.002728 14
2.087082 2.163821 14
2.135527 2.011721 14
1.844424 1.794363 14
2.120769 1.753462 14
1.829639 1.971107 14
2.240193 1.925079 14
1.951235 1.660858 14
2.225865 2.125371 14
2.27502 2.056416 14
2.141815 2.135624 14
2.221893 1.771597 14
2.302838 2.130042 14
1.888939 1.78668 14
1.984029 2.227787 14
2.247226 2.126648 14
2.163245 1.851853 14
2.214306 2.19952 14
2.138172 2.164548 14
2.018418 1.79749 14
1.908127 2.02168 14
2.196772 1.718722 14
2.306812 1.979666 14
2.000178 2.028667 14
1.956764 1.895644 14
1.85596 1.733036 14
1.934134 1.94415 14
2.136166 2.255533 14
2.036844 1.726141 14
2.199437 1.744148 14
2.053494 1.738448 14
1.982041 1.668393 14
2.15312 2.277531 14
1.926341 1.858572 14
2.07097 2.188775 14
2.14739 1.897809 14
2.184872 2.293675 14
2.091059 1.998122 14
2.164378 2.28751 14
1.931912 1.658544 14
2.195836 1.980221 14
2.316229 1.822811 14
1.826521 1.853426 14
2.101365 1.978125 14
2.148447 1.697843 14
2.20405 1.816178 14
1.82043 1.971921 14
2.124458 1.758855 14
2.055174 2.231581 14
2.334096 1.934602 14
2.038748 1.584686 14
2.08207 2.215675 14
2.255131 1.789059 14
2.137533 2.001172 14
2.055638 1.873234 14
2.027428 1.981876 14
2.243664 2.221075 14
2.059051 2.030289 14
2.164819 2.108297 14
2.179915 1.845339 14
2.070312 1.845257 14
1.943759 2.058409 14
2.254879 2.037585 14
1.98214 1.571003 14
2.005041 1.749218 14
1.810436 2.023976 14
1.909454 1.953032 14
2.008481 1.588555 14
1.960735 2.062062 14
1.938836 1.716759 14
1.976629 1.835648 14
2.127165 2.094491 14
2.190963 2.131434 14
1.897239 1.896309 14
2.229843 1.979414 14
2.038243 1.57903 14
2.054588 1.704977 14
2.060997 2.080465 14
1.911869 1.775596 14
2.006622 1.834636 14
1.89816 1.741681 14
1.969043 2.018048 14
2.1262 2.142725 14
2.051338 2.11166 14
2.136561 2.200583 14
1.938095 2.074636 14
2.239786 2.06553 14
2.149074 1.684165 14
2.299529 1.897701 14
1.977013 1.667522 14
2.26072 2.162672 14
1.875388 2.021618 14
1.999799 1.558328 14
2.22045 1.979787 14
1.9109 1.89864 14
2.168272 1.957652 14
2.298213 1.827855 14
2.211143 2.131962 14
2.010044 1.851541 14
2.05393 1.904285 14
1.774164 1.92316 14
1.997878 1.811118 14
1.871022 2.118624 14
2.169431 2.262459 14
1.999039 1.560251 14
2.189665 2.289692 14
2.04414 1.660121 14
2.033631 2.023264 14
1.99446 1.604407 14
2.287068 2.260608 14
1.999712 1.971613 14
2.246209 1.978313 14
1.99371 2.034886 14
2.099852 1.884629 14
2.093022 1.718874 14
2.039789 2.231612 14
2.242022 2.050266 14
2.144735 2.205767 14
2.196269 1.719641 14
1.95966 1.985094 14
2.17508 1.963721 14
1.863649 2.034665 14
2.131375 1.639157 14
1.702612 0.730267 15
2.012649 0.602537 15
2.075529 0.8043 15
2.104008 0.613008 15
1.875569 0.73513 15
1.81733 0.540392 15
2.16637 0.656873 15
1.599089 0.517534 15
2.02346 0.752791 15
1.964441 0.875395 15
2.10625 0.803651 15
1.706576 0.425824 15
1.611292 0.433455 15
2.042482 0.423082 15
1.915969 0.708601 15
1.870882 0.433182 15
1.718089 0.459442 15
2.069159 0.563164 15
2.041414 0.45108 15
1.907645 0.449077 15
2.099623 0.942193 15
2.131677 0.886734 15
2.180304 0.566387 15
1.810323 0.359883 15
2.147328 0.613792 15
1.616671 0.70525 15
2.112362 0.497276 15
2.049909 0.354411 15
2.01507 0.821637 15
1.982841 0.383608 15
2.000631 0.484802 15
2.134888 0.891517 15
1.611311 0.53574 15
1.749922 0.462756 15
1.9221 0.683703 15
1.749312 0.860731 15
1.953261 0.540084 15
1.844752 0.55149 15
2.007925 0.53119 15
1.934052 0.895342 15
2.068206 0.79317 15
1.935011 0.555041 15
2.211773 0.602846 15
2.045422 0.455725 15
1.546381 0.537274 15
2.06012 0.803465 15
1.753326 0.709348 15
1.893678 0.431574 15
1.818129 0.527025 15
1.653071 0.665223 15
2.097686 0.965248 15
2.102154 0.53594 15
1.989457 0.46299 15
1.553485 0.706355 15
1.773335 0.907879 15
1.700195 0.763344 15
2.110864 0.92936 15
1.978142 0.588235 15
1.700164 0.814044 15
2.195129 0.594864 15
2.069273 0.418928 15
2.041734 0.253406 15
1.975797 0.222058 15
1.878776 0.491846 15
1.662312 0.838588 15
2.041386 0.384935 15
1.923296 0.649084 15
2.240824 0.798079 15
1.928905 0.305666 15
1.842251 0.908909 15
2.179827 0.568532 15
1.886851 0.337987 15
2.036818 0.667663 15
1.940537 0.6331 15
1.857942 0.289043 15
1.788628 0.416071 15
1.823272 0.723164 15
2.009482 0.500699 15
1.963922 0.546294 15
2.088098 0.494538 15
1.633677 0.48176 15
1.617625 0.711974 15
2.056411 0.922345 15
1.763864 0.344853 15
1.8772 0.280905 15
2.134074 0.539067 15
1.58727 0.612714 15
2.130547 0.792846 15
1.686404 0.443519 15
2.078331 0.599957 15
1.657885 0.746504 15
2.002513 0.885824 15
2.02137 0.322063 15
2.083224 0.806325 15
2.110733 0.728731 15
1.812394 0.585153 15
1.935251 0.703709 15
2.119317 0.744471 15
2.076483 0.569633 15
1.738282 0.870757 15
1.823765 0.329639 15
1.959722 0.919076 15
2.005629 0.259943 15
1.665873 0.810887 15
1.694901 0.547772 15
2.073037 0.478022 15
1.816719 0.855063 15
2.152006 0.863056 15
1.870204 0.515529 15
1.888899 0.461267 15
2.043142 0.48624 15
1.581559 0.671052 15
2.167596 0.910993 15
2.22504 0.816273 15
2.121334 0.759141 15
1.902564 0.861967 15
2.150678 0.619838 15
1.787913 0.614686 15
2.091447 0.662106 15
2.179548 0.575599 15
1.905243 0.827038 15
2.134763 0.770556 15
1.903241 0.379865 15
1.817275 0.454594 15
2.035226 0.924427 15
1.639091 0.751487 15
1.63039 0.515056 15
2.312785 0.672121 15
2.007399 0.479429 15
1.730632 0.58007 15
2.060279 0.303129 15
1.695421 0.84275 15
1.990108 0.900898 15
1.98358 0.542974 15
2.228343 0.685258 15
2.274537 0.661403 15
1.653019 0.590761 15
1.986775 0.192499 15
2.067071 0.600149 15
1.688184 0.722417 15
1.918571 0.754573 15
1.762865 0.460695 15
2.024386 0.919992 15
1.753752 0.556105 15
2.002823 0.493623 15
2.012313 0.379367 15
2.209038 0.628521 15
2.098651 0.745753 15
1.936426 0.550628 15
1.95382 0.395345 15
2.026427 0.809352 15
1.943625 0.410439 15
1.88695 0.274153 15
2.005296 0.325262 15
1.788525 0.336867 15
2.034714 0.726744 15
1.839103 0.590712 15
1.568459 0.59399 15
1.563476 0.578396 15
1.688842 0.426556 15
1.775777 0.731274 15
1.965851 0.45618 15
2.038696 0.643202 15
2.155007 0.933382 15
2.091594 0.681972 15
2.10344 0.427047 15
1.836766 0.722714 15
1.558802 0.506811 15
1.782616 0.773271 15
1.617038 0.67035 15
2.173658 0.582474 15
2.113589 0.845698 15
2.015284 0.835537 15
1.689067 0.775631 15
1.583816 0.513558 15
1.794305 0.391319 15
2.077573 0.38118 15
1.632002 0.505004 15
2.247753 0.709743 15
1.697814 0.75016 15
1.997111 0.281197 15
1.729144 0.750272 15
1.884541 0.311991 15
1.979338 0.660267 15
1.782091 0.458352 15
2.028596 0.884562 15
1.934277 0.361532 15
1.942195 0.878831 15
2.085119 0.435913 15
1.768156 0.502236 15
1.694805 0.718463 15
1.750025 0.465487 15
2.01357 0.528974 15
2.065597 0.620942 15
1.968515 0.876367 15
2.214169 0.741842 15
2.01692 0.844847 15
1.766403 0.424736 15
1.996451 0.378475 15
2.243477 0.692975 15
1.708893 0.426399 15
1.983981 0.662683 15
2.170123 0.515518 15
2.017856 0.413873 15
2.204046 0.674648 15
1.638476 0.670211 15
2.088529 0.560321 15
2.063041 0.645569 15
1.738599 0.474658 15
1.913693 0.709824 15
1.962476 0.42586 15
1.89931 0.811772 15
2.005202 0.579133 15
1.653708 0.559507 15
1.859137 0.654381 15
1.684987 0.463381 15
1.787823 0.837948 15
1.909509 0.559395 15
2.165912 0.526564 15
1.892416 0.761938 15
2.08956 0.396977 15
1.787205 0.462054 15
2.221112 0.707079 15
1.713181 0.747137 15
2.057163 0.835017 15
2.196541 0.739212 15
2.182472 0.590371 15
2.178462 0.738766 15
1.653272 0.782263 15
1.740239 0.451875 15
2.301969 0.681507 15
1.622649 0.750603 15
1.97769 0.766688 15
2.02426 0.86978 15
2.266431 0.685468 15
1.892312 0.672155 15
1.636701 0.557968 15
1.78363 0.636003 15
1.971927 0.705483 15
1.722388 0.720291 15
1.975696 0.771154 15
1.723213 0.546329 15
1.926607 0.305984 15
1.734105 0.578163 15
2.141222 0.381979 15
1.619584 0.611294 15
1.694525 0.540209 15
1.895272 0.843448 15
1.804706 0.43072 15
2.100496 0.648771 15
1.658509 0.503484 15
1.623525 0.619862 15
1.929634 0.647028 15
1.933892 0.362039 15
1.63312 0.808938 15
1.852406 0.730528 15
1.739968 0.458255 15
2.174306 0.546649 15
1.794885 0.376654 15
1.732321 0.607253 15
1.712824 0.47633 15
1.841536 0.512216 15
1.835065 0.858813 15
1.84888 0.66182 15
1.727849 0.62009 15
2.025886 0.856782 15
2.030543 0.726409 15
1.916432 0.814807 15
1.902055 0.931078 15
1.900324 0.312238 15
1.898435 0.798711 15
2.204843 0.713711 15
1.885869 0.618271 15
2.177605 0.624347 15
1.642637 0.718661 15
1.702088 0.551038 15
1.885277 0.430998 15
1.756184 0.773735 15
1.82465 0.616306 15
1.634323 0.816964 15
2.127792 0.701341 15
1.859765 0.512857 15
1.842271 0.868729 15
1.753276 0.680319 15
1.572724 0.621942 15
2.268657 0.748157 15
1.654529 0.54576 15
1.776872 1.944633 16
1.392496 1.522645 16
1.677698 1.898275 16
1.707021 1.635207 16
1.551902 1.504015 16
1.331823 1.853299 16
1.65225 1.731406 16
1.466041 1.754768 16
1.649671 1.969855 16
1.76192 1.774303 16
1.396161 1.782894 16
1.537011 1.517064 16
1.804774 1.649816 16
1.607332 1.674371 16
1.446123 1.856182 16
1.486493 1.924347 16
1.45667 1.401521 16
1.786809 1.719899 16
1.939839 1.608502 16
1.829075 1.499358 16
1.492459 1.497457 16
1.438927 1.940297 16
1.700637 1.447202 16
1.414227 1.755718 16
1.434345 1.50901 16
1.324782 1.946105 16
1.727452 1.757388 16
1.677056 1.880491 16
1.653527 1.559972 16
1.81108 1.833162 16
1.582581 1.565462 16
1.65111 1.556599 16
1.414999 1.710392 16
1.866115 1.579951 16
1.638409 1.915643 16
1.444983 1.374385 16
1.404288 1.750815 16
1.633202 1.913969 16
1.680674 1.630739 16
1.707337 1.570741 16
1.431317 1.75718 16
1.77025 1.516513 16
1.544414 1.898888 16
1.510132 1.598899 16
1.510301 1.550148 16
1.599068 1.570521 16
1.742448 1.715512 16
1.615688 1.468346 16
1.650304 1.505936 16
1.488472 1.728522 16
1.411695 1.922864 16
1.583463 1.547859 16
1.608656 1.789898 16
1.625127 1.96712 16
1.647682 1.55297 16
1.703969 1.803663 16
1.69715 1.706319 16
1.423472 1.649865 16
1.619949 1.622574 16
1.60086 1.568934 16
1.771975 1.775115 16
1.67377 1.924322 16
1.796729 1.637444 16
1.948885 1.63839 16
1.446217 1.550332 16
1.374181 1.582986 16
1.651614 2.018106 16
1.638811 1.894947 16
1.362102 1.706391 16
1.832597 1.749644 16
1.543454 1.457655 16
1.717131 1.784713 16
1.510731 1.41152 16
1.785272 1.816505 16
1.363987 1.876599 16
1.679898 1.599697 16
1.574425 1.84983 16
1.608109 1.818618 16
1.803697 1.916412 16
1.787994 1.809122 16
1.530679 1.505174 16
1.316657 1.84654 16
1.812441 1.630296 16
1.371 1.792222 16
1.556875 1.953715 16
1.592316 1.668633 16
1.49738 1.560418 16
1.468786 1.757466 16
1.838433 1.586866 16
1.380704 1.617967 16
1.501003 1.541148 16
1.521988 1.651692 16
1.537107 1.826587 16
1.522131 1.793009 16
1.615558 1.772315 16
1.504686 1.756864 16
1.373374 2.006259 16
1.593027 1.642216 16
1.63642 1.573142 16
1.594637 1.727797 16
1.630576 1.831916 16
1.620595 1.424924 16
1.586928 1.799194 16
1.356518 1.611667 16
1.480646 1.362846 16
1.417863 1.981731 16
1.535824 1.467568 16
1.483683 1.46166 16
1.743923 1.621798 16
1.411766 1.914815 16
1.809135 1.480927 16
1.568313 1.490656 16
1.573054 1.837559 16
1.83938 1.716421 16
1.709298 1.52409 16
1.39877 1.663555 16
1.57505 1.865151 16
1.468566 1.89719 16
1.625407 1.561288 16
1.465958 1.804745 16
1.389189 1.614906 16
1.584376 1.615242 16
1.78369 1.620768 16
1.611234 1.465219 16
1.375139 1.8027 16
1.351582 1.924605 16
1.911932 1.640971 16
1.369415 1.709585 16
1.480622 1.933454 16
1.702134 1.864317 16
1.608862 1.742177 16
1.76706 1.838124 16
1.50242 1.641012 16
1.449518 1.603256 16
1.556945 1.80533 16
1.631706 1.732185 16
1.516479 1.568259 16
1.582186 1.505037 16
1.565774 1.948646 16
1.715189 1.495604 16
1.736905 1.519528 16
1.464152 1.667868 16
1.728558 1.852338 16
1.821777 1.85172 16
1.628579 1.837884 16
1.705137 1.618595 16
1.57391 1.663149 16
1.418517 1.78454 16
1.752985 1.565714 16
1.491015 1.671773 16
1.416325 1.772733 16
1.437642 1.533559 16
1.513783 1.452954 16
1.753889 1.950891 16
1.554216 1.921265 16
1.665173 1.865662 16
1.805499 1.558785 16
1.88856 1.569823 16
1.381623 1.809819 16
1.802596 1.73714 16
1.488688 1.664374 16
1.594597 1.719906 16
1.712453 1.892629 16
1.752359 1.763167 16
1.669407 1.82084 16
1.76709 1.551084 16
1.607308 1.505062 16
1.42887 1.638963 16
1.826352 1.761275 16
1.500493 1.786009 16
1.36729 1.716093 16
1.587902 1.869856 16
1.420168 1.872235 16
1.578855 1.984597 16
1.447573 1.718323 16
1.516424 1.576862 16
1.596923 1.619417 16
1.59007 1.475374 16
1.782275 1.99371 16
1.695889 1.69139 16
1.398114 1.851223 16
1.746341 1.663745 16
1.712939 1.613668 16
1.671391 1.744682 16
1.43041 1.739585 16
1.665474 1.573319 16
1.824147 1.612574 16
1.55845 1.941989 16
1.501944 1.673844 16
1.602391 2.013507 16
1.813163 1.652771 16
1.524203 1.760756 16
1.445434 1.494625 16
1.642916 1.877555 16
1.646979 1.935071 16
1.752536 1.897471 16
1.739121 1.901671 16
1.922302 1.616524 16
1.461208 1.562537 16
1.552207 1.626872 16
1.486045 1.689543 16
1.627855 1.731211 16
1.535337 1.546659 16
1.521971 1.927288 16
1.479884 2.010746 16
1.706484 1.586716 16
1.550086 1.694419 16
1.465067 1.494224 16
1.617457 1.740461 16
1.48352 1.952409 16
1.634067 1.441352 16
1.523824 1.830039 16
1.749864 1.959066 16
2.148459 1.533508 17
2.167082 1.501357 17
2.488354 1.658298 17
2.538768 1.626306 17
2.35291 1.651268 17
2.230035 1.286602 17
2.225332 1.37514 17
2.540216 1.585788 17
2.53058 1.640826 17
2.546459 1.551806 17
2.484225 1.73574 17
2.27552 1.640947 17
2.530475 1.446154 17
2.591988 1.430184 17
2.420706 1.562879 17
2.132438 1.337138 17
2.427486 1.451557 17
2.559675 1.702726 17
2.35429 1.557998 17
2.568398 1.504278 17
2.311935 1.743067 17
2.131476 1.671252 17
2.223291 1.405405 17
2.496281 1.495363 17
2.240905 1.636593 17
2.158233 1.544671 17
2.491545 1.621467 17
2.319049 1.338597 17
2.472523 1.43259 17
2.56985 1.467949 17
2.148131 1.501032 17
2.534322 1.405281 17
2.353044 1.580898 17
2.525017 1.552891 17
2.403294 1.480266 17
2.248089 1.49024 17
2.197502 1.425006 17
2.58225 1.71418 17
2.507194 1.743509 17
2.308768 1.485948 17
2.624785 1.659679 17
2.460364 1.63463 17
2.527839 1.653545 17
2.366735 1.526419 17
2.369951 1.712918 17
2.454535 1.705076 17
2.187891 1.655686 17
2.38236 1.682207 17
2.266 1.410709 17
2.10024 1.479021 17
2.4394 1.400048 17
2.324588 1.316831 17
2.393819 1.699527 17
2.46795 1.648776 17
2.583753 1.621649 17
2.0241 1.519274 17
2.405983 1.657318 17
2.459801 1.761882 17
2.222316 1.569096 17
2.390796 1.431465 17
2.32475 1.776424 17
2.594368 1.691911 17
2.453833 1.554441 17
2.225032 1.65904 17
2.319616 1.478096 17
2.311652 1.40914 17
2.191527 1.523122 17
2.257065 1.514957 17
2.426274 1.730505 17
2.151861 1.541631 17
2.297515 1.528488 17
2.123031 1.395934 17
2.443156 1.510373 17
2.150847 1.628953 17
2.016405 1.513975 17
2.502377 1.372108 17
2.348575 1.726584 17
2.539351 1.404866 17
2.30971 1.362784 17
2.227567 1.380284 17
2.344244 1.73697 17
2.289942 1.797857 17
2.290642 1.824894 17
2.321228 1.677463 17
2.445937 1.65878 17
2.285115 1.732162 17
2.209882 1.641905 17
2.301495 1.662608 17
2.197111 1.577638 17
2.07058 1.402821 17
2.044211 1.504969 17
2.275751 1.436011 17
2.388081 1.345307 17
2.243396 1.661598 17
2.449563 1.786723 17
2.533877 1.549954 17
2.385872 1.393001 17
2.273011 1.7392 17
2.271407 1.714913 17
2.407376 1.360829 17
2.313049 1.762883 17
2.35673 1.821503 17
2.407009 1.573165 17
2.184841 1.317922 17
2.506661 1.475275 17
2.517757 1.390453 17
2.302037 1.387974 17
2.505304 1.679498 17
2.197452 1.322625 17
2.498815 1.712946 17
2.222982 1.69848 17
2.374484 1.542766 17
2.327073 1.613143 17
2.584798 1.68368 17
2.268722 1.560154 17
2.143629 1.578152 17
2.419408 1.669143 17
2.370274 1.645274 17
2.425595 1.457373 17
2.380022 1.574757 17
2.185794 1.385817 17
2.31076 1.600877 17
2.207417 1.380797 17
2.509195 1.538216 17
2.231935 1.523056 17
2.247006 1.676645 17
2.181871 1.410276 17
2.464305 1.812882 17
2.185502 1.623576 17
2.36405 1.422864 17
2.229371 1.284337 17
2.449125 1.628236 17
2.351403 1.665121 17
2.198753 1.304541 17
2.143766 1.481544 17
2.177073 1.531629 17
2.376952 1.670991 17
2.162921 1.367018 17
1.994587 1.540045 17
2.319064 1.322346 17
2.168193 1.69573 17
2.316713 1.381181 17
2.286165 1.667494 17
2.387477 1.351331 17
2.249194 1.316338 17
2.307729 1.426858 17
2.478087 1.429942 17
2.537569 1.615781 17
2.346216 1.461032 17
2.181345 1.453998 17
2.299827 1.331679 17
2.101313 1.494112 17
2.384209 1.847317 17
2.354495 1.782374 17
2.536154 1.651961 17
2.170304 1.452435 17
2.300107 1.52163 17
2.389534 1.869355 17
2.494948 1.396628 17
2.322787 1.751697 17
2.333651 1.591894 17
2.324578 1.456271 17
2.378447 1.554391 17
2.288615 1.421433 17
2.414632 1.768291 17
2.590354 1.39734 17
2.4196 1.473045 17
2.618803 1.467879 17
2.396431 1.732502 17
0.862392 0.633196 18
0.668348 0.691494 18
0.762577 1.021619 18
1.100748 1.031813 18
0.920757 0.987403 18
0.894775 0.802794 18
0.947271 1.128405 18
0.927504 0.716593 18
0.913506 1.007357 18
0.687401 0.795865 18
1.072748 0.990725 18
0.781702 0.679595 18
0.644149 0.699865 18
0.949344 1.059223 18
0.989913 0.840506 18
0.92309 0.893922 18
0.984606 0.810933 18
0.613189 0.813491 18
0.657752 0.735701 18
1.018945 0.966606 18
0.985394 1.10233 18
0.695612 0.765329 18
0.996914 1.169419 18
0.671282 0.646928 18
0.913353 0.569464 18
0.844329 0.72909 18
0.842135 0.909353 18
0.6169 0.784683 18
0.978683 0.862769 18
0.779145 0.785006 18
1.042718 0.95858 18
1.016257 0.885403 18
1.067669 1.019516 18
0.788978 0.679722 18
0.73833 0.805938 18
0.940442 0.8502 18
1.020682 0.996248 18
0.690754 0.881468 18
0.923258 0.977094 18
0.99734 0.997635 18
0.818633 1.191042 18
0.673955 1.079306 18
0.915427 0.65744 18
0.977306 1.209572 18
0.884832 1.143863 18
0.732158 0.741132 18
0.856823 1.124995 18
0.864237 0.782527 18
0.810235 1.131267 18
0.886523 1.004012 18
0.583379 0.98628 18
0.699268 0.862899 18
1.121436 1.120331 18
0.595755 0.770546 18
1.043083 1.168261 18
0.869327 0.717648 18
1.07264 1.145242 18
0.802629 0.616965 18
0.694113 0.946856 18
0.717117 1.033074 18
0.944801 0.869815 18
0.593722 0.686419 18
0.673202 0.696166 18
0.766146 0.882553 18
1.072705 0.812908 18
0.810721 0.616554 18
1.158739 1.180026 18
0.900072 1.047722 18
0.760157 0.839092 18
0.66766 0.659607 18
0.549624 0.785291 18
0.747433 0.970823 18
0.604189 0.655853 18
0.950953 0.761391 18
0.778684 1.141149 18
0.754351 0.66347 18
0.656405 0.700508 18
0.84719 0.764878 18
0.850982 0.865473 18
0.692066 1.099433 18
0.748979 1.100537 18
0.706735 0.790014 18
1.098398 1.14096 18
0.737809 1.00918 18
0.659652 0.803285 18
0.565136 0.7994 18
0.758213 0.674625 18
0.956345 0.693565 18
0.642349 0.778378 18
0.777216 0.747505 18
0.984534 0.877228 18
1.120691 1.166703 18
0.755036 1.045615 18
0.637392 0.594627 18
0.605489 0.778871 18
0.850333 1.187514 18
1.070228 1.137927 18
0.819163 1.003686 18
0.756786 0.619492 18
0.846219 0.832094 18
0.600572 0.894471 18
0.965279 0.815885 18
0.554836 1.002889 18
1.041847 0.894754 18
1.061476 0.772563 18
0.930257 0.87422 18
0.954305 0.583156 18
0.731039 0.836422 18
0.927441 1.026338 18
0.927628 0.759233 18
0.991256 0.749643 18
1.090886 0.929289 18
1.0828 1.165479 18
0.542545 0.912049 18
0.820391 1.015012 18
0.634718 0.716138 18
0.691475 0.88606 18
0.80563 0.996102 18
0.634329 0.700402 18
0.605044 0.854273 18
1.035994 1.073704 18
0.83791 0.646004 18
0.786661 1.001498 18
0.888892 0.747764 18
0.932144 1.090891 18
0.964682 1.006415 18
0.70649 0.896878 18
0.918703 1.038586 18
0.938636 0.917575 18
1.015206 0.984314 18
0.737772 0.760072 18
1.075648 1.095879 18
0.990948 0.678756 18
0.634867 1.048073 18
0.938201 0.693965 18
0.914077 0.941564 18
0.606469 0.861069 18
0.766502 1.069976 18
0.729166 0.782455 18
1.013325 0.896639 18
0.986893 0.953074 18
0.689132 0.685209 18
0.847193 1.208792 18
0.851969 0.791474 18
0.993394 0.617022 18
0.646008 1.046299 18
0.807285 1.07083 18
0.617097 0.985197 18
0.767853 0.957453 18
0.591107 0.968778 18
0.709949 0.634737 18
0.813719 0.993546 18
0.838965 1.121439 18
0.781081 0.731386 18
0.982273 1.202838 18
0.846135 0.939101 18
0.561747 0.835167 18
0.627509 0.765868 18
1.074906 0.991598 18
0.767266 0.716079 18
0.970968 0.965976 18
0.602478 0.987801 18
0.721111 0.784877 18
0.710562 0.663612 18
0.700439 1.010654 18
1.047103 0.954646 18
0.602573 0.928851 18
0.89375 0.912485 18
0.967436 1.021133 18
0.791092 0.840631 18
0.917791 1.155615 18
0.65421 1.034649 18
0.987284 0.748034 18
0.547478 0.950109 18
0.772438 0.7629 18
0.862873 1.18147 18
1.017633 0.964088 18
0.831179 0.939113 18
0.855279 0.786968 18
0.970899 0.738973 18
0.826783 1.066447 18
0.675621 0.85261 18
0.791461 0.749752 18
0.874113 1.022695 18
0.854015 0.805741 18
0.708734 0.677329 18
0.560083 0.985621 18
1.142131 1.11109 18
1.015207 0.920323 18
1.05411 1.094125 18
0.797563 0.616733 18
0.882101 0.636665 18
1.073822 0.84797 18
0.621551 0.8822 18
0.938277 1.196074 18
1.061397 1.129648 18
1.02258 1.101655 18
0.847777 1.197366 18
0.815732 1.079869 18
1.061506 1.167748 18
0.63645 0.866398 18
0.77251 0.880682 18
0.730371 0.776907 18
0.646925 0.925713 18
0.852892 0.685964 18
0.679392 0.958592 18
0.871008 1.10441 18
0.887535 0.743596 18
0.992618 0.696914 18
0.722984 0.865542 18
0.535464 0.78429 18
0.797538 0.914882 18
0.818989 0.825816 18
0.985573 1.176213 18
0.695224 0.701699 18
0.902358 1.096227 18
0.996264 1.193743 18
0.995876 0.934095 18
0.774299 1.004234 18
0.699091 0.836617 18
1.025902 0.832235 18
0.820337 0.954967 18
1.018563 1.952131 19
1.312021 2.260335 19
0.988747 2.113055 19
0.73773 1.892924 19
0.931507 1.909029 19
1.036697 2.163583 19
0.863045 1.935435 19
1.254064 2.007702 19
0.909512 1.963021 19
0.936648 2.18609 19
1.216892 1.988722 19
0.99187 1.940166 19
0.941023 2.305151 19
1.30674 1.936414 19
1.165608 2.284636 19
1.260387 1.847648 19
1.223087 2.110481 19
1.288737 2.168173 19
0.89371 1.987532 19
1.307996 2.266005 19
0.808225 1.95268 19
1.322667 2.007293 19
1.36399 2.203388 19
1.09014 2.057276 19
1.031624 2.077442 19
0.960085 2.239477 19
1.24429 2.138861 19
1.334724 2.074292 19
0.954757 2.225294 19
1.087192 1.93223 19
1.301713 2.160722 19
0.890069 1.846802 19
1.301707 2.281703 19
1.070134 2.218455 19
1.087419 2.035368 19
1.210279 1.935511 19
1.057912 2.054134 19
1.391801 2.060352 19
1.195369 1.918511 19
1.093821 2.214541 19
1.260148 1.936192 19
0.897934 2.260025 19
1.003796 1.833858 19
0.967027 1.825557 19
1.317122 1.94067 19
1.248537 2.144515 19
0.877021 2.247354 19
1.124569 1.922896 19
1.383817 2.078562 19
0.781295 1.94862 19
1.420316 1.987019 19
1.115036 1.960495 19
0.933588 2.020481 19
0.979266 2.1586 19
1.20185 2.115347 19
1.064374 2.145135 19
1.343157 2.014089 19
1.022501 1.869559 19
1.005606 2.154685 19
1.0502 1.862168 19
1.165291 2.055235 19
0.928741 2.014767 19
0.990278 2.130809 19
1.016249 1.990019 19
1.153412 2.206569 19
1.041664 2.110427 19
0.977037 2.141348 19
1.169801 1.890393 19
1.271777 2.225939 19
1.22061 2.129973 19
1.025162 1.884914 19
1.310196 2.051206 19
1.005998 2.242592 19
1.241484 2.199059 19
0.987572 2.285436 19
1.124252 2.084767 19
1.051458 2.174309 19
1.121026 1.906448 19
1.088773 2.229214 19
0.87603 1.91137 19
0.930028 2.06383 19
1.024746 2.270302 19
1.240668 1.991503 19
0.864889 2.033328 19
1.117566 1.925716 19
0.852732 1.998943 19
0.782746 2.025899 19
1.157094 2.067125 19
1.034853 1.9554 19
0.818642 2.016747 19
1.325884 2.043943 19
0.880636 2.072448 19
1.202071 2.184168 19
1.171329 2.197555 19
1.124237 2.020101 19
0.83001 1.913462 19
1.051184 2.072584 19
0.892704 2.124801 19
1.144084 2.206273 19
0.930866 2.060543 19
1.304881 1.965953 19
1.318347 2.176618 19
1.107883 2.080759 19
1.180279 2.113732 19
1.132827 1.934833 19
0.924152 1.991401 19
1.184607 2.246788 19
1.39029 2.066755 19
1.161468 1.968155 19
0.987578 2.256265 19
0.814197 1.919693 19
1.271883 2.061812 19
0.869438 2.104323 19
0.813902 2.0229 19
0.8856 2.025271 19
0.960267 1.869263 19
1.218067 2.048718 19
1.016218 1.907068 19
0.896894 2.203381 19
0.900532 2.127551 19
0.995414 2.117953 19
1.07776 2.048474 19
0.995424 1.958854 19
0.920605 2.119146 19
0.984143 2.154856 19
0.821781 1.842273 19
1.167558 1.926431 19
0.778984 1.834514 19
1.218897 2.047803 19
1.174184 2.246996 19
0.824367 1.969897 19
1.244047 1.968515 19
1.161885 1.874755 19
1.08479 2.178555 19
0.900115 1.965537 19
1.091922 1.886441 19
1.216597 2.273158 19
1.1024 1.923484 19
1.228936 2.093979 19
1.021521 2.223248 19
1.208969 1.946611 19
1.242812 2.206885 19
1.234151 2.324022 19
0.892948 1.989395 19
1.076516 2.280824 19
1.147925 2.19386 19
1.036831 2.034056 19
1.340557 2.023311 19
1.172351 1.958277 19
0.800074 2.034597 19
1.123196 2.011663 19
0.970422 2.229438 19
1.23417 1.862989 19
1.122885 2.088354 19
0.808412 1.872786 19
0.813391 1.817555 19
0.907535 2.201652 19
1.203843 1.935736 19
1.122588 2.020619 19
1.340872 2.157305 19
1.316073 1.904649 19
1.245907 2.018392 19
1.202445 2.279031 19
0.859272 2.073081 19
1.077496 2.316517 19
1.011371 2.178715 19
1.076354 1.867625 19
0.840999 1.941828 19
1.073096 2.118101 19
0.845497 1.923488 19
1.049177 1.950601 19
1.199249 2.068026 19
1.149864 2.204848 19
1.100033 2.088095 19
0.772048 1.953952 19
1.269606 2.264863 19
1.269654 2.198373 19
0.871857 2.127507 19
0.884912 1.863627 19
1.027833 1.808989 19
1.339007 2.319615 19
1.364889 2.085981 19
0.907302 2.195271 19
1.128056 2.019029 19
1.333257 2.18566 19
1.251405 2.152544 19