0.671007 0.575918 0
0.645276 0.584331 0
0.60956 0.326466 0
0.97287 0.137937 0
1.17926 0.295106 0
0.756089 0.315177 0
0.568611 0.442055 0
0.891656 0.244109 0
0.99284 0.503085 0
1.088027 0.283102 0
0.606225 0.609197 0
0.896763 0.54349 0
1.211026 0.326968 0
1.042456 0.538567 0
0.772785 0.349837 0
1.158675 0.270698 0
1.056646 0.356472 0
0.819806 0.459196 0
1.083739 0.240785 0
0.618009 0.270271 0
0.863864 0.300501 0
0.576752 0.345991 0
0.956171 0.477914 0
0.557979 0.247374 0
0.65631 0.285364 0
1.193141 0.361163 0
0.789502 0.446682 0
0.847648 0.600082 0
0.543334 0.387162 0
0.761782 0.604183 0
0.592602 0.499217 0
0.70109 0.162326 0
0.950668 0.29426 0
1.16088 0.231233 0
1.03452 0.345106 0
0.921897 0.333837 0
1.101651 0.189993 0
1.004265 0.349365 0
0.550773 0.35887 0
0.894116 0.308895 0
0.742751 0.214474 0
0.891126 0.470977 0
1.001073 0.126212 0
1.134009 0.302403 0
0.665943 0.262891 0
1.045201 0.125326 0
0.863579 0.480898 0
0.995049 0.230261 0
0.691173 0.243648 0
0.758712 0.285523 0
0.885451 0.146631 0
0.553086 0.187638 0
0.850248 0.575101 0
0.826259 0.277244 0
0.631589 0.298538 0
0.755408 0.382368 0
0.671373 0.340009 0
0.870462 0.123869 0
0.716414 0.248068 0
0.948471 0.350319 0
1.026777 0.236469 0
1.04184 0.197239 0
1.087032 0.431668 0
1.032425 0.50184 0
1.037124 0.411629 0
1.13139 0.402715 0
0.874596 0.370561 0
1.151047 0.137574 0
0.904 0.505719 0
0.948189 0.599288 0
0.589209 0.294548 0
0.985196 0.530278 0
0.646195 0.320328 0
0.767232 0.20024 0
0.722709 0.396087 0
0.488549 0.441878 0
0.747512 0.419302 0
0.672821 0.604346 0
0.96541 0.406249 0
0.905329 0.594328 0
0.740474 0.358269 0
0.899472 0.416052 0
0.863776 0.157077 0
0.886428 0.4463 0
0.793472 0.395931 0
0.754724 0.547787 0
0.907258 0.220342 0
0.798739 0.223872 0
0.999012 0.596308 0
0.835323 0.482702 0
0.988977 0.174917 0
0.790036 0.260724 0
1.117938 0.172688 0
0.824387 0.556813 0
0.703879 0.576768 0
0.615435 0.522 0
0.758037 0.238495 0
0.780155 0.492678 0
0.565772 0.306502 0
0.717679 0.353069 0
0.66828 0.420304 0
0.974326 0.247666 0
1.020832 0.173802 0
1.024561 0.271418 0
0.988704 0.388062 0
0.535335 0.521682 0
0.651414 0.348696 0
0.830571 0.149601 0
0.649534 0.551386 0
0.604964 0.568206 0
0.68977 0.50157 0
0.726002 0.449312 0
0.594242 0.178204 0
0.929001 0.494629 0
0.817162 0.12629 0
0.710377 0.521979 0
0.797945 0.522976 0
0.845972 0.377549 0
0.595669 0.377654 0
0.845873 0.122962 0
0.713306 0.601926 0
0.575404 0.209164 0
0.644384 0.507376 0
0.732756 0.266138 0
1.183076 0.246127 0
0.784173 0.121309 0
0.66794 0.525844 0
1.148839 0.325888 0
0.89246 0.345887 0
0.638847 0.255683 0
1.002215 0.319476 0
0.999012 0.465553 0
0.732367 0.150956 0
0.627038 0.553221 0
0.860056 0.422672 0
0.648708 0.463018 0
1.113163 0.451114 0
0.879591 0.208747 0
0.917815 0.445706 0
0.898241 0.122215 0
0.963058 0.19721 0
0.585643 0.469819 0
0.744433 0.122792 0
0.59363 0.533232 0
0.571884 0.409837 0
1.067748 0.331663 0
0.609586 0.22461 0
0.642212 0.160622 0
0.664949 0.235423 0
1.120399 0.426289 0
1.102625 0.334279 0
0.66042 0.189332 0
0.870751 0.508145 0
1.124435 0.325788 0
0.732523 0.581455 0
0.758397 0.576099 0
0.922377 0.156973 0
0.936619 0.401166 0
0.582216 0.325062 0
0.563785 0.535386 0
0.764224 0.51502 0
0.519242 0.414267 0
0.790475 0.194678 0
1.164221 0.204538 0
0.672013 0.475383 0
1.182576 0.220794 0
1.016922 0.212186 0
0.706813 0.21766 0
0.592639 0.26711 0
0.683516 0.208337 0
0.71549 0.194885 0
0.632486 0.131634 0
0.836179 0.234257 0
0.607083 0.415717 0
0.615013 0.163295 0
0.797398 0.166216 0
1.072701 0.194104 0
0.807649 0.483847 0
0.93963 0.132667 0
0.701013 0.472414 0
0.967077 0.583097 0
0.623881 0.392593 0
0.649828 0.382496 0
1.011656 0.540556 0
0.725606 0.325619 0
0.770844 0.431134 0
0.698724 0.436251 0
0.732225 0.481883 0
1.071473 0.165325 0
0.842633 0.207399 0
1.119603 0.124484 0
0.766354 0.153473 0
0.838556 0.521757 0
0.964307 0.166333 0
0.906593 0.262796 0
0.676558 0.300665 0
0.545525 0.323294 0
1.109501 0.307855 0
0.613423 0.461331 0
1.083636 0.40583 0
0.759191 0.461646 0
1.118855 0.215325 0
0.630455 0.358821 0
0.820337 0.427845 0
1.174388 0.329476 0
0.948972 0.437501 0
0.910971 0.288944 0
0.828111 0.335689 0
1.065242 0.22392 0
1.12398 0.255679 0
0.917067 0.365171 0
1.01359 0.427723 0
0.517612 0.469438 0
0.926308 0.309113 0
0.640586 0.221202 0
1.043746 0.380288 0
1.009151 0.375487 0
0.861281 0.340499 0
0.739817 0.512174 0
0.956537 0.529747 0
1.011476 0.293885 0
1.064673 0.500816 0
0.816916 0.312731 0
0.813777 0.356847 0
0.591694 0.240177 0
0.840878 0.443048 0
1.163155 0.168507 0
0.787072 0.56717 0
0.880123 0.393827 0
1.058467 0.426667 0
0.988623 0.200809 0
1.113596 0.375994 0
1.033204 0.146819 0
0.939633 0.257368 0
0.980438 0.293003 0
0.918149 0.524148 0
2.356323 1.950717 1
2.330384 2.069907 1
2.371032 2.144384 1
2.517607 1.889094 1
2.543215 1.843948 1
2.316101 2.116797 1
2.461345 2.18593 1
2.54004 1.916137 1
2.552198 2.107095 1
2.581468 1.840785 1
2.52485 2.206646 1
2.398744 2.142956 1
2.537804 2.146026 1
2.500941 2.183273 1
2.328646 2.15625 1
2.412839 1.878477 1
2.504419 2.229907 1
2.358436 2.022323 1
2.353893 1.903365 1
2.305617 2.290832 1
2.427697 2.158647 1
2.57114 2.118577 1
2.499627 1.975894 1
2.40456 1.908846 1
2.408228 1.841499 1
2.416811 2.040542 1
2.55261 1.974884 1
2.579323 1.887985 1
2.539443 2.022682 1
2.459562 1.948168 1
2.572049 2.27735 1
2.417134 2.180339 1
2.537546 2.178563 1
2.513929 2.037184 1
2.381056 2.005337 1
2.466846 2.214397 1
2.356635 2.180463 1
2.465306 2.161597 1
2.519817 1.798671 1
2.346855 1.974424 1
2.309926 2.210752 1
2.584607 1.866792 1
2.452694 2.281996 1
2.57749 2.094312 1
2.54677 2.26597 1
2.450718 2.102572 1
2.389186 1.965312 1
2.51786 1.934674 1
2.551943 2.052162 1
2.431511 1.996762 1
2.454513 2.020084 1
2.288629 2.243225 1
2.392232 2.260747 1
2.476422 2.268147 1
2.367323 2.210746 1
2.383752 1.856907 1
2.374386 2.238685 1
2.533432 1.870904 1
2.571694 2.234876 1
2.560205 2.187628 1
2.385311 1.886172 1
2.49508 1.862921 1
2.555395 1.887344 1
2.497203 2.277749 1
2.401242 1.993033 1
2.351224 2.090007 1
2.486284 2.141839 1
2.55871 1.785347 1
2.486948 2.246853 1
2.348644 2.117313 1
2.386433 1.924134 1
2.486641 2.087713 1
2.442909 1.837585 1
2.387477 2.290426 1
2.419245 2.123336 1
2.431567 2.206462 1
2.36763 2.057912 1
2.38831 2.027471 1
2.554049 2.29403 1
2.339879 2.294381 1
2.571987 1.989437 1
2.446335 2.247438 1
2.531574 1.989625 1
2.548236 2.077966 1
2.402386 2.105425 1
2.338127 2.225123 1
2.512582 2.150233 1
2.306604 2.182961 1
2.414151 1.9462 1
2.48206 2.00989 1
2.482743 2.115325 1
2.468386 1.881241 1
2.561756 1.950057 1
2.331368 2.196799 1
2.501664 2.06806 1
2.572886 2.14922 1
2.491075 1.894819 1
2.479486 2.033708 1
2.523537 2.098635 1
2.579671 2.024174 1
2.319918 2.259925 1
2.579312 2.210087 1
2.438304 1.884184 1
0.242428 2.235789 2
0.435167 2.236477 2
0.518094 2.131236 2
0.784042 2.237723 2
0.507302 2.088731 2
0.594324 2.270251 2
0.809965 2.286035 2
0.411459 2.260048 2
0.358893 2.291589 2
0.458466 2.233271 2
0.833647 2.219989 2
0.450871 2.148962 2
0.676019 2.020223 2
0.6791 2.095731 2
0.71573 1.984537 2
0.363117 2.247702 2
0.745494 2.227453 2
0.722439 1.892838 2
0.424461 2.121855 2
0.810092 2.151439 2
0.664903 1.994339 2
0.795454 2.104392 2
0.569981 2.127175 2
0.34398 2.162157 2
0.594799 2.104509 2
0.756012 1.959014 2
0.757642 2.199626 2
0.667833 1.889266 2
0.489641 2.27661 2
0.574452 2.254648 2
0.652751 2.100645 2
0.690322 2.193611 2
0.610612 2.016842 2
0.726383 1.960195 2
0.713606 2.025317 2
0.620223 1.930893 2
0.703797 1.91294 2
0.332392 2.262831 2
0.842572 2.168636 2
0.444692 2.291104 2
0.485396 2.239 2
0.767054 2.164177 2
0.520036 2.062261 2
0.780423 1.99314 2
0.638566 2.213048 2
0.436114 2.2006 2
0.819013 2.244087 2
0.895638 2.292643 2
0.650638 2.029527 2
0.537678 2.038813 2
0.711973 2.249057 2
0.717914 2.196232 2
0.851391 2.291862 2
0.740325 2.179801 2
0.717537 1.852366 2
0.764767 2.261081 2
0.662205 2.227791 2
0.679083 1.926024 2
0.63789 2.251213 2
0.577627 2.058056 2
0.416213 2.292352 2
0.484108 2.174542 2
0.778948 2.076876 2
0.320087 2.293819 2
0.592331 2.147744 2
0.391881 2.172433 2
0.621303 1.965128 2
0.720752 2.062998 2
0.529503 2.002371 2
0.430505 2.169521 2
0.51742 2.291184 2
0.462 2.205473 2
0.285751 2.286413 2
0.510502 2.15684 2
0.761484 2.046761 2
0.595253 2.182643 2
0.744481 1.928366 2
0.831788 2.124816 2
0.390678 2.290241 2
0.44948 2.078449 2
0.872472 2.269816 2
0.597872 2.207209 2
0.456422 2.173496 2
0.357887 2.18488 2
0.733537 2.280579 2
0.415894 2.08742 2
0.667407 2.26431 2
0.320812 2.231431 2
0.587736 2.003519 2
0.631202 2.000064 2
0.505181 2.203456 2
0.762349 2.123184 2
0.277973 2.21421 2
0.803152 2.220647 2
0.488972 2.060095 2
0.725924 2.156142 2
0.746962 2.080469 2
0.258742 2.25754 2
0.86748 2.234947 2
0.557169 2.079847 2
0.484886 2.123444 2
0.686763 2.152561 2
0.682553 2.24476 2
0.572938 2.201429 2
0.230793 2.266554 2
0.260029 2.285631 2
0.569339 1.987577 2
0.472531 2.097585 2
0.773524 2.288033 2
0.645978 1.933763 2
0.739011 2.044377 2
0.664299 2.205933 2
0.625696 2.160578 2
0.573494 2.227636 2
0.400882 2.116036 2
0.318692 2.182216 2
0.690352 2.058764 2
0.54408 2.179982 2
0.614179 2.290689 2
0.511009 2.251039 2
0.687534 1.973206 2
0.641645 2.185483 2
0.383157 2.217886 2
0.455684 2.120616 2
0.749457 2.009486 2
0.639312 2.281422 2
0.54382 2.122801 2
0.616083 2.229443 2
0.699326 2.122706 2
2.583348 0.419489 3
2.419853 0.1222 3
2.123996 0.255443 3
2.399676 0.265946 3
2.118695 0.289685 3
2.47251 0.200697 3
2.343773 0.261534 3
2.572934 0.624525 3
2.350883 0.64821 3
2.424982 0.301224 3
2.433169 0.197363 3
2.151104 0.248849 3
1.993541 0.194287 3
2.352738 0.308767 3
2.413651 0.457761 3
2.517357 0.255042 3
2.16046 0.306785 3
2.461552 0.357721 3
2.555778 0.511203 3
2.143551 0.125182 3
2.347424 0.383542 3
2.45165 0.591553 3
2.228638 0.273291 3
2.295846 0.216214 3
2.312077 0.580422 3
2.403682 0.50532 3
2.572638 0.392422 3
2.191815 0.132999 3
2.262175 0.270462 3
2.459476 0.309228 3
2.522089 0.420913 3
2.397054 0.318373 3
2.145866 0.168172 3
2.523868 0.494266 3
2.424287 0.225272 3
2.582477 0.293002 3
2.373695 0.662867 3
2.465633 0.389757 3
2.302692 0.613266 3
2.23184 0.368463 3
2.454582 0.169473 3
2.21686 0.224889 3
2.579312 0.651895 3
2.562419 0.57581 3
2.487011 0.476602 3
2.261185 0.376093 3
2.37724 0.134529 3
2.48074 0.374017 3
2.479332 0.578364 3
2.431348 0.510771 3
2.059094 0.270326 3
2.578056 0.368969 3
2.143736 0.32737 3
2.313095 0.24599 3
2.419634 0.614491 3
2.374721 0.393345 3
2.493349 0.636883 3
2.258376 0.45894 3
2.52982 0.283075 3
2.320628 0.336702 3
2.515063 0.123932 3
2.41145 0.377324 3
2.487364 0.432994 3
2.191314 0.449472 3
2.582637 0.5017 3
2.318197 0.285713 3
2.160297 0.27675 3
2.314326 0.482463 3
2.399048 0.294798 3
2.189009 0.199296 3
2.555097 0.204141 3
2.102778 0.120177 3
2.213054 0.462252 3
2.334338 0.617282 3
2.286878 0.315647 3
2.27717 0.144603 3
2.384046 0.576958 3
2.397095 0.179031 3
2.323144 0.683415 3
2.580537 0.135198 3
2.548854 0.116505 3
2.331542 0.506454 3
2.327921 0.64173 3
2.455854 0.471061 3
2.284753 0.636775 3
2.550847 0.483319 3
2.348252 0.584995 3
2.220069 0.180699 3
2.567325 0.166558 3
2.406416 0.664797 3
2.493686 0.337161 3
2.088188 0.236001 3
2.578472 0.593985 3
2.093642 0.264668 3
2.118252 0.150573 3
2.447472 0.12757 3
2.461521 0.557266 3
2.247325 0.439055 3
2.159636 0.387294 3
2.131095 0.402445 3
2.205933 0.499954 3
2.162538 0.190269 3
2.29374 0.561815 3
2.456542 0.440044 3
2.523187 0.520987 3
2.198482 0.413927 3
2.083984 0.301421 3
2.303894 0.171126 3
2.478825 0.12875 3
2.480272 0.320211 3
2.485238 0.241239 3
2.405657 0.53236 3
2.508126 0.459513 3
2.325032 0.597399 3
2.248083 0.484956 3
2.363692 0.429304 3
2.539494 0.392424 3
2.532278 0.630143 3
2.38922 0.482619 3
2.057233 0.190907 3
2.08105 0.339061 3
2.294033 0.501976 3
2.267431 0.239891 3
2.544336 0.236078 3
2.51498 0.323536 3
2.1608 0.146487 3
2.402351 0.207695 3
2.347924 0.35853 3
2.424121 0.428934 3
2.456934 0.224655 3
2.550282 0.372661 3
2.375489 0.462951 3
2.48111 0.287529 3
2.280106 0.355774 3
2.254073 0.325398 3
2.126564 0.375638 3
2.553883 0.417103 3
2.141772 0.206425 3
2.486888 0.500645 3
2.549081 0.660829 3
2.352962 0.152719 3
2.45155 0.331398 3
2.287109 0.28128 3
2.287549 0.195415 3
2.317426 0.415452 3
2.431767 0.364979 3
2.512406 0.303286 3
2.511868 0.221444 3
2.55849 0.297047 3
2.58164 0.211049 3
2.511734 0.662798 3
2.247597 0.398041 3
2.214458 0.340662 3
2.380107 0.604854 3
2.070099 0.250516 3
2.433373 0.393182 3
2.274779 0.399064 3
2.409849 0.562499 3
2.176417 0.425999 3
2.244267 0.176434 3
2.268505 0.178156 3
2.352317 0.215862 3
2.392005 0.361366 3
2.391692 0.433617 3
2.005562 0.215888 3
2.01474 0.172185 3
2.548582 0.444294 3
2.309388 0.541389 3
2.168949 0.230759 3
2.452032 0.40941 3
2.573169 0.470905 3
2.054404 0.226524 3
2.543822 0.595458 3
2.402507 0.137453 3
2.355354 0.537304 3
2.381471 0.522051 3
2.040266 0.248678 3
2.238033 0.148972 3
2.085136 0.148402 3
2.028727 0.115685 3
2.426738 0.478779 3
2.384082 0.633347 3
2.498269 0.605869 3
2.042355 0.158477 3
2.104174 0.365601 3
2.48662 0.15776 3
2.443692 0.541847 3
2.353096 0.469096 3
2.25208 0.210652 3
2.026401 0.200203 3
2.546718 0.263635 3
2.528907 0.573334 3
2.217502 0.524192 3
2.266724 0.115641 3
2.398082 0.238288 3
2.532555 0.186432 3
2.295095 0.469509 3
2.429134 0.260293 3
2.222007 0.249948 3
2.455651 0.636194 3
2.324144 0.209207 3
2.42949 0.331908 3
2.188154 0.377319 3
2.454651 0.28478 3
2.541513 0.141435 3
2.222152 0.413376 3
1.839489 0.95181 4
2.077327 1.402612 4
1.891754 1.16454 4
1.967052 1.407931 4
1.602504 1.267796 4
1.738877 1.088915 4
1.594595 1.30594 4
1.660667 1.13138 4
1.762247 1.053692 4
1.891917 1.097075 4
1.772279 1.422041 4
1.63054 1.149613 4
1.987437 1.328035 4
1.99225 0.9829 4
1.824846 1.149549 4
1.989872 1.384935 4
1.522599 1.395957 4
1.633772 1.115243 4
2.066674 1.376701 4
1.782493 1.159798 4
1.676705 1.200137 4
2.043741 1.23427 4
1.596969 0.933827 4
1.845775 1.183583 4
2.125238 1.086317 4
2.0257 1.082561 4
1.763278 1.356151 4
1.965331 1.502724 4
2.130395 1.257581 4
1.696719 1.4421 4
1.771566 1.077267 4
1.946042 1.079365 4
1.735021 1.266309 4
1.997484 1.046634 4
2.069647 1.310474 4
1.83498 1.242238 4
1.78752 0.998961 4
1.939661 0.999238 4
1.665521 1.372753 4
1.697039 1.021845 4
1.430177 1.192353 4
2.110908 1.231861 4
1.597395 1.158141 4
1.890064 1.504562 4
1.971468 1.351318 4
2.006266 1.437817 4
2.122365 1.328024 4
1.675299 1.343687 4
1.844994 1.28068 4
1.745084 0.919084 4
1.677124 1.274756 4
1.725615 1.170142 4
1.76412 0.968719 4
1.829161 1.03969 4
2.070493 1.039144 4
2.038642 1.264847 4
1.670891 0.990671 4
2.019158 0.954455 4
2.062189 0.986218 4
1.738264 1.038181 4
1.505285 1.153525 4
1.696687 1.392714 4
2.047334 1.431323 4
1.39823 1.175062 4
2.070131 1.077948 4
1.963967 1.056217 4
2.0415 1.105519 4
1.967696 1.024676 4
1.452275 1.122213 4
2.021756 1.302699 4
1.620116 1.179699 4
1.347312 1.170582 4
1.549968 1.342783 4
1.919563 1.158313 4
1.488088 1.375105 4
2.082177 1.3438 4
1.712244 0.992965 4
1.790227 1.256675 4
1.63232 1.209652 4
1.522504 1.232907 4
2.005116 1.360515 4
1.710249 1.41059 4
1.914148 1.196383 4
1.886783 1.201111 4
2.145307 1.287122 4
1.470963 1.06224 4
1.424781 1.128144 4
2.021887 1.488173 4
2.071134 1.149296 4
1.649433 1.176768 4
1.566152 1.055427 4
1.654952 1.44439 4
1.623605 1.341696 4
1.910188 1.331984 4
1.99015 0.949627 4
1.864738 1.33474 4
1.482307 1.124682 4
1.733812 0.947225 4
1.953157 1.280078 4
2.038878 1.047538 4
1.696475 1.071326 4
1.973819 1.29565 4
1.82549 0.929535 4
1.429171 1.338094 4
1.899494 1.528387 4
2.118317 1.039954 4
1.7043 1.275402 4
1.586875 1.329173 4
2.018505 1.037159 4
1.87617 1.041533 4
1.441255 1.141716 4
1.977039 1.210434 4
1.931983 1.119666 4
1.927814 1.306323 4
1.637403 1.386137 4
1.671918 1.401423 4
1.540502 1.374153 4
1.806815 1.184527 4
1.694377 1.366466 4
1.663715 0.964515 4
1.685146 1.125824 4
1.660749 1.026836 4
1.772012 0.931479 4
1.416074 1.156105 4
1.792089 1.359116 4
1.540207 1.161612 4
1.625238 1.085756 4
1.489748 1.216586 4
1.532418 1.256944 4
1.939103 1.254052 4
1.943141 0.953383 4
1.930944 1.381562 4
1.721574 0.903836 4
1.648859 0.932541 4
1.439964 1.173844 4
1.869949 1.406468 4
1.968628 1.441076 4
1.899789 1.242142 4
1.730314 1.1175 4
1.80102 1.118702 4
1.706555 1.312087 4
1.653328 1.291639 4
2.037857 1.320423 4
1.51965 1.005253 4
1.535975 1.032708 4
1.48257 1.012032 4
1.910968 1.067494 4
1.551222 1.318581 4
1.998152 1.512629 4
1.630871 1.248402 4
2.096058 1.032716 4
1.901558 1.407182 4
1.765731 1.270491 4
1.922067 1.221854 4
1.599117 1.361127 4
1.90257 1.475792 4
1.55506 1.408619 4
1.526128 1.283558 4
1.971069 0.926124 4
1.36497 1.237759 4
1.769771 1.12208 4
1.565073 1.28905 4
2.149463 1.233482 4
1.739125 1.358223 4
1.827979 1.507235 4
1.836946 0.903689 4
2.115025 1.199653 4
1.86398 1.150137 4
1.693172 0.929724 4
1.434699 1.102863 4
1.524757 1.347112 4
1.856762 1.012029 4
1.828333 0.972626 4
1.521286 0.970384 4
1.570442 0.939363 4
1.533048 1.069496 4
2.105471 1.152029 4
1.752325 1.234118 4
2.129064 1.169666 4
1.518057 1.126026 4
1.71832 1.342616 4
2.134509 1.060796 4
1.546112 1.130805 4
1.991875 1.180839 4
1.781256 1.397698 4
1.905742 1.371927 4
1.735725 1.147813 4
1.786897 1.035366 4
1.738055 1.191683 4
1.675663 0.899522 4
1.420334 1.25371 4
2.044307 1.385624 4
1.66956 1.098684 4
1.507411 1.053108 4
1.70621 1.155646 4
1.789359 1.330771 4
1.564827 1.3764 4
1.835866 0.995822 4
1.419309 1.222116 4
2.048315 1.290912 4
1.460141 1.154378 4
1.948777 1.155419 4
1.748851 1.40648 4
1.877982 1.071895 4
1.508842 1.3085 4
2.045525 1.179294 4
1.829067 1.11871 4
1.913101 1.429432 4
2.090901 1.126022 4
1.696761 1.228347 4
2.007598 1.247491 4
1.967779 0.974437 4
1.545694 0.958488 4
1.877751 1.286648 4
2.087994 1.265242 4
1.468629 1.035513 4
1.46992 1.240985 4
1.820852 1.347814 4
1.95491 1.191382 4
2.123569 1.135307 4
1.431847 1.075984 4
2.108197 1.012461 4
1.703159 1.186433 4
1.90921 1.111757 4
1.463223 1.198459 4
1.69304 1.252514 4
1.750872 1.311088 4
1.936205 1.547278 4
1.791414 1.295151 4
1.383857 1.152521 4
1.815837 1.264167 4
1.919266 1.496105 4
1.446074 1.364045 4
1.816398 1.42829 4
1.957296 1.115953 4
1.569562 0.974412 4
2.065067 1.110486 4
1.992895 1.465267 4
1.560114 1.260065 4
1.89296 1.131167 4
1.865843 0.932219 4
1.869835 0.984442 4
1.732786 1.43916 4
1.674631 1.078626 4
1.879868 1.357813 4
1.490188 1.328541 4
1.58711 1.005713 4
2.112059 1.26964 4
1.92697 1.350128 4
1.646168 1.35711 4
1.731736 1.292026 4
1.870574 1.238208 4
2.077972 1.012463 4
1.406041 1.097729 4
1.621327 1.287737 4
1.720391 1.075032 4
1.852043 1.435289 4
1.470524 1.274162 4
1.629209 1.053862 4
1.498775 1.265996 4
1.456043 1.308175 4
1.839197 1.407485 4
1.387039 1.272171 4
1.598874 0.977746 4
1.858281 1.118706 4
2.102246 1.060781 4
1.883232 1.38473 4
1.901554 0.975319 4
1.442291 1.274734 4
2.104788 1.099068 4
1.8135 1.068907 4
1.734343 1.388058 4
2.07044 0.954772 4
1.618097 1.022228 4
1.922969 1.521632 4
1.653405 1.05028 4
1.895303 1.453826 4
1.667673 1.158747 4
1.391488 1.124819 4
1.594552 1.114765 4
1.551613 1.103613 4
1.395148 1.204276 4
1.802159 0.961838 4
1.572243 1.028044 4
1.789504 1.231104 4
1.83924 1.316954 4
1.725271 1.234684 4
1.773043 1.199827 4
1.927475 1.46464 4
1.343513 1.206904 4
2.058717 1.211439 4
2.043721 1.343597 4
1.492918 1.095335 4
1.463268 1.084115 4
1.635406 0.992711 4
1.854775 1.374615 4
1.96659 1.536828 4
1.95983 1.238412 4
1.754977 1.009466 4
1.77369 0.90355 4
2.114699 1.302968 4
1.443513 1.223193 4
1.9517 1.217163 4
1.481016 2.026039 5
1.482813 2.292969 5
1.815329 2.290463 5
1.725113 2.214037 5
1.383363 2.14311 5
1.701151 2.284283 5
1.909255 2.18868 5
1.474247 2.252553 5
1.969527 2.261733 5
1.656876 2.187356 5
1.702693 2.220732 5
1.767107 2.143125 5
1.567336 2.218732 5
1.468922 2.210088 5
1.948637 2.255461 5
1.370502 2.201174 5
1.95944 2.288439 5
1.821598 2.241639 5
1.769679 2.094869 5
1.677425 2.21058 5
1.556888 2.112535 5
1.437089 2.239471 5
1.862105 2.294539 5
1.598496 2.212808 5
1.742817 2.069499 5
1.876439 2.123833 5
1.56252 2.057024 5
1.730865 2.255267 5
1.726466 2.03466 5
1.64929 2.031545 5
1.67747 1.999021 5
1.631295 2.082892 5
1.416192 2.086673 5
1.474353 2.049248 5
1.930644 2.231571 5
1.5618 2.291135 5
1.469335 2.07807 5
1.505357 2.018124 5
1.518592 2.109615 5
1.593198 2.162436 5
1.797202 2.259297 5
1.505111 2.059184 5
1.903902 2.21995 5
1.407259 2.138139 5
1.807738 2.207106 5
1.396446 2.101484 5
1.832669 2.17196 5
1.552704 2.187603 5
1.829482 2.07788 5
1.674535 2.27645 5
1.622203 2.193817 5
1.608089 2.291751 5
1.59128 2.024503 5
1.674572 2.032118 5
1.636224 2.287528 5
1.714784 2.061283 5
1.385802 2.224544 5
1.53027 2.21115 5
1.504561 2.265176 5
1.726912 2.293192 5
1.564149 2.255545 5
1.636052 2.16818 5
1.815077 2.097237 5
1.63802 2.221183 5
1.76984 2.032477 5
1.40737 2.290039 5
1.714913 2.106206 5
1.577135 2.083404 5
1.400472 2.245963 5
1.766831 2.200237 5
1.856077 2.232048 5
1.417274 2.058056 5
1.667887 2.127968 5
1.52714 2.162759 5
1.509753 2.29241 5
1.629225 2.146319 5
1.656894 2.097894 5
1.634576 2.048399 5
1.53782 2.239386 5
1.673888 2.068461 5
1.650296 2.008558 5
1.705313 2.189041 5
1.905827 2.159147 5
1.444933 2.01588 5
1.526517 2.139766 5
1.450425 2.264707 5
1.754664 1.99853 5
1.883117 2.206128 5
1.572083 2.009392 5
1.444746 2.048772 5
1.50287 2.131287 5
1.44581 2.174593 5
1.525507 2.045923 5
1.86375 2.100761 5
1.689694 2.24559 5
1.893342 2.293508 5
1.874142 2.252463 5
1.368137 2.244408 5
1.609652 2.040965 5
1.69114 2.09682 5
1.948098 2.208082 5
1.495428 2.17333 5
1.745777 2.164626 5
1.342834 2.280358 5
1.70308 2.034247 5
1.822579 2.125117 5
1.589804 2.247631 5
1.918533 2.262893 5
1.78116 1.982891 5
1.848509 2.140642 5
1.373421 2.273306 5
1.507727 2.200296 5
1.416463 2.116718 5
1.421642 2.259181 5
1.413537 2.170746 5
1.484262 2.115591 5
1.624301 2.248801 5
1.61076 2.104174 5
1.840342 2.099322 5
1.770343 2.248521 5
1.615469 2.011158 5
1.993008 2.269723 5
1.758191 2.293974 5
1.469204 2.151046 5
1.647825 2.264529 5
1.833302 2.219413 5
1.540212 2.081901 5
1.876327 2.171981 5
1.642679 2.122022 5
1.787135 2.283827 5
0.510812 1.253303 6
0.836792 1.293965 6
0.373172 1.282185 6
0.403692 1.448973 6
0.552877 1.128517 6
0.352801 1.455722 6
0.338605 1.168445 6
0.54897 1.563693 6
0.692963 1.336046 6
0.36506 1.060042 6
0.570107 1.534564 6
0.507769 1.052034 6
0.385414 1.211823 6
0.257488 1.080668 6
0.628747 1.277887 6
0.306846 1.381375 6
0.471263 1.069128 6
0.609932 1.338942 6
0.259545 1.320863 6
0.583927 1.019322 6
0.475291 1.281923 6
0.726359 1.479339 6
0.517349 1.162383 6
0.42698 1.053157 6
0.333625 1.070826 6
0.277196 1.11694 6
0.578647 1.280967 6
0.795078 1.25127 6
0.595214 1.605051 6
0.518922 1.550481 6
0.30275 1.066296 6
0.602879 1.174868 6
0.277846 1.441622 6
0.333098 1.103664 6
0.351054 1.366855 6
0.343074 1.278995 6
0.693231 1.434261 6
0.586738 1.638085 6
0.230217 1.110031 6
0.412651 1.250236 6
0.59943 1.436221 6
0.770576 1.203016 6
0.695328 1.117219 6
0.864305 1.30886 6
0.507022 0.979734 6
0.469838 1.018179 6
0.320733 1.135127 6
0.341907 1.202462 6
0.645133 1.576671 6
0.524548 0.963933 6
0.449522 1.258504 6
0.587052 1.50279 6
0.333002 1.343261 6
0.276998 1.060236 6
0.627679 1.056588 6
0.722385 1.564729 6
0.741921 1.223267 6
0.574619 1.433602 6
0.57 1.621807 6
0.827294 1.248033 6
0.669944 1.107283 6
0.44501 1.503395 6
0.269463 1.415144 6
0.38853 1.071061 6
0.49162 0.961248 6
0.304501 1.414167 6
0.70453 1.582488 6
0.860606 1.242012 6
0.376262 1.321892 6
0.623285 1.359986 6
0.356006 1.032616 6
0.465806 1.376643 6
0.402155 1.380532 6
0.598669 1.260907 6
0.6597 1.360324 6
0.526766 1.072021 6
0.460369 1.103942 6
0.272085 1.384971 6
0.672583 1.292329 6
0.653404 1.277709 6
0.539711 1.619913 6
0.677872 1.138503 6
0.547008 1.429765 6
0.247359 1.286579 6
0.235748 1.194984 6
0.581689 1.37001 6
0.816557 1.403758 6
0.630692 1.499693 6
0.295834 1.311891 6
0.420788 1.1905 6
0.491912 1.445871 6
0.577497 1.20732 6
0.684567 1.635784 6
0.563855 1.480503 6
0.248575 1.362208 6
0.253438 1.443041 6
0.472244 1.407681 6
0.614805 1.643605 6
0.726232 1.509116 6
0.673942 1.083573 6
0.328227 1.373661 6
0.237334 1.384978 6
0.374273 1.475459 6
0.757898 1.509762 6
0.541702 1.193041 6
0.580731 1.332521 6
0.91045 1.250013 6
0.676405 1.658008 6
0.426156 1.344393 6
0.602444 1.38478 6
0.789609 1.407249 6
0.291539 1.220987 6
0.592211 1.054758 6
0.726895 1.370839 6
0.549052 1.274616 6
0.627711 1.612352 6
0.387649 1.151972 6
0.504006 1.02867 6
0.376961 1.376211 6
0.281129 1.47835 6
0.434609 1.545167 6
0.695812 1.52807 6
0.28512 1.155618 6
0.320248 1.451364 6
0.346998 1.498805 6
0.75897 1.387949 6
0.799768 1.441188 6
0.646329 1.238965 6
0.787908 1.49332 6
0.284061 1.364644 6
0.803918 1.309145 6
0.770798 1.47465 6
0.636199 1.393425 6
0.504256 1.097241 6
0.754807 1.415014 6
0.730469 1.419525 6
0.496717 1.402118 6
0.805932 1.337454 6
0.619373 1.46577 6
0.258633 1.255206 6
0.709253 1.161643 6
0.357247 1.243756 6
0.536372 1.107932 6
0.606645 1.099727 6
0.544521 1.516859 6
0.308682 1.291772 6
0.653723 1.627862 6
0.729899 1.249892 6
0.386826 1.539493 6
0.448043 1.143197 6
0.769723 1.364331 6
0.403182 1.306965 6
0.861117 1.272075 6
0.547181 1.218271 6
0.649602 1.439825 6
0.809378 1.270876 6
0.755764 1.342674 6
0.50472 1.575588 6
0.560023 1.304839 6
0.227974 1.133899 6
0.834928 1.32234 6
0.463353 1.443861 6
0.685773 1.172848 6
0.722814 1.291443 6
0.311942 1.491346 6
0.499832 1.474647 6
0.338967 1.229938 6
0.258155 1.137916 6
0.425272 1.141542 6
0.352322 1.397102 6
0.672805 1.508332 6
0.575937 1.086019 6
0.438655 1.166787 6
0.450156 1.210883 6
0.465196 1.336753 6
0.432544 1.444359 6
0.658757 1.202712 6
0.440416 1.293606 6
0.7212 1.442744 6
0.650941 1.508164 6
0.692832 1.551337 6
0.318578 1.214225 6
0.28083 1.340307 6
0.563823 1.253016 6
0.700284 1.485085 6
0.537443 1.365169 6
0.469265 1.042603 6
0.386745 1.41361 6
0.318837 1.258586 6
0.652522 1.483529 6
0.437948 1.320439 6
0.242574 1.410489 6
0.630251 1.325212 6
0.711831 1.222864 6
0.385914 1.349329 6
0.728746 1.341047 6
0.512301 1.523534 6
0.415239 1.080365 6
0.252923 1.166487 6
0.58339 1.154798 6
0.72585 1.183703 6
0.613479 1.138368 6
0.340418 1.430114 6
0.667862 1.259537 6
0.488829 1.001051 6
0.436017 0.990418 6
0.680745 1.574686 6
0.760296 1.315407 6
0.556639 1.16417 6
0.698877 1.376512 6
0.456985 0.995571 6
0.405786 1.521497 6
0.521228 1.440235 6
0.84985 1.216259 6
0.396028 1.488633 6
0.479939 1.249373 6
0.529429 1.028346 6
0.692581 1.241389 6
0.818366 1.218239 6
0.749364 1.295211 6
0.380612 1.043495 6
0.476386 1.165103 6
0.274244 1.287038 6
0.246961 1.225617 6
0.313978 1.168637 6
0.630538 1.199175 6
0.376551 1.507281 6
0.320059 1.038845 6
0.733728 1.606026 6
0.443519 1.023275 6
0.689131 1.611833 6
0.466351 1.558209 6
0.393884 1.012544 6
0.48839 1.311707 6
0.763626 1.265551 6
0.605215 1.231765 6
0.23219 1.326055 6
0.646823 1.533964 6
0.345003 1.318538 6
0.513415 1.224464 6
0.85811 1.343221 6
0.583132 1.121573 6
0.743552 1.582189 6
0.707618 1.270112 6
0.44647 1.419943 6
0.232038 1.462317 6
0.519353 1.286335 6
0.536461 1.247406 6
0.433365 1.106454 6
0.394342 1.188218 6
0.716027 1.621297 6
0.475642 1.482765 6
0.433341 1.383589 6
0.561979 1.037787 6
0.299019 1.097678 6
0.744997 1.461116 6
0.44363 1.362538 6
0.458748 1.533179 6
0.842923 1.386683 6
0.740946 1.270165 6
0.798399 1.361829 6
0.402978 1.120524 6
1.697119 0.207239 7
1.588668 0.335334 7
1.281261 0.258957 7
1.352132 0.364913 7
1.6109 0.352342 7
1.67323 0.346379 7
1.942727 0.118608 7
1.635902 0.225024 7
1.187885 0.152774 7
1.387352 0.258945 7
1.455701 0.151103 7
1.820053 0.240458 7
1.432767 0.419248 7
1.521562 0.38002 7
1.373464 0.225154 7
1.658236 0.19512 7
1.203032 0.172942 7
1.559404 0.243379 7
1.567701 0.322524 7
1.357048 0.33528 7
1.588601 0.272723 7
1.941498 0.170572 7
1.474075 0.324609 7
1.521431 0.318012 7
1.812507 0.310164 7
1.311473 0.265517 7
1.515682 0.223471 7
1.385243 0.28476 7
1.517205 0.406643 7
1.952743 0.198024 7
1.849735 0.291336 7
1.707853 0.185743 7
1.756827 0.350155 7
1.544443 0.344966 7
1.413911 0.156651 7
1.341971 0.396328 7
1.284905 0.171103 7
1.553209 0.159734 7
1.605822 0.245116 7
1.400045 0.213678 7
1.45121 0.264915 7
1.358868 0.195125 7
1.617019 0.274435 7
1.66137 0.316477 7
1.761385 0.281334 7
1.446193 0.359552 7
1.501827 0.196878 7
1.356948 0.28341 7
1.612558 0.322597 7
1.715436 0.344818 7
1.418878 0.282951 7
1.684121 0.390359 7
1.731342 0.155813 7
1.991973 0.147771 7
1.779971 0.291643 7
1.681852 0.295327 7
1.638088 0.330665 7
1.87994 0.136269 7
1.443028 0.444706 7
1.570233 0.352765 7
1.858166 0.225611 7
1.185092 0.124909 7
1.24882 0.156973 7
1.392724 0.125052 7
1.523543 0.247373 7
1.688586 0.123751 7
1.596248 0.217239 7
1.262397 0.319403 7
1.278872 0.125263 7
1.589439 0.302314 7
1.383504 0.175759 7
1.408202 0.375197 7
1.817197 0.151568 7
1.949594 0.143272 7
1.914268 0.151788 7
1.74474 0.223471 7
1.643411 0.427312 7
1.298771 0.362695 7
1.339538 0.214518 7
1.473205 0.38243 7
1.742302 0.327025 7
1.742089 0.254184 7
1.323404 0.359377 7
1.310118 0.23366 7
1.771133 0.317771 7
1.232978 0.30646 7
1.630637 0.297405 7
1.44442 0.235831 7
1.49072 0.122855 7
1.212269 0.280948 7
1.572161 0.117526 7
1.849978 0.261645 7
1.342087 0.311382 7
1.576117 0.146988 7
1.554268 0.376366 7
1.90543 0.232913 7
1.400518 0.429491 7
1.528513 0.469624 7
1.412051 0.337178 7
1.48552 0.169731 7
1.486591 0.412362 7
1.54669 0.311691 7
1.457699 0.176684 7
1.984687 0.116725 7
1.622451 0.181657 7
1.239197 0.116879 7
1.908706 0.115957 7
1.758216 0.120821 7
1.708548 0.151216 7
1.699399 0.32297 7
1.243013 0.2345 7
1.656152 0.262467 7
1.643134 0.391115 7
1.691558 0.166633 7
1.804805 0.122868 7
1.770686 0.261363 7
1.595095 0.384355 7
1.337319 0.173697 7
1.217123 0.15385 7
1.2747 0.23159 7
1.487674 0.285889 7
1.460555 0.116224 7
1.441476 0.308032 7
1.499215 0.360254 7
1.60316 0.167339 7
1.536816 0.182274 7
1.786082 0.182197 7
1.575572 0.452874 7
1.494017 0.247017 7
1.292483 0.291985 7
1.837852 0.126779 7
1.196398 0.197326 7
1.498737 0.468032 7
1.435697 0.202633 7
1.971031 0.175824 7
1.770886 0.224976 7
1.646217 0.116892 7
1.508811 0.492965 7
1.290708 0.336569 7
1.831209 0.276878 7
1.709475 0.277401 7
1.558502 0.483594 7
1.386714 0.314452 7
1.898417 0.183002 7
1.726859 0.121024 7
1.559193 0.417478 7
1.544044 0.210893 7
1.738844 0.281608 7
1.544761 0.443397 7
1.376733 0.363675 7
1.557488 0.287383 7
1.757414 0.150106 7
1.540664 0.395698 7
1.258596 0.192154 7
1.740332 0.195185 7
1.580154 0.175632 7
1.869697 0.200931 7
1.304208 0.206899 7
1.678994 0.23266 7
1.315244 0.318326 7
1.218145 0.123555 7
1.585501 0.416643 7
2.318772 1.295238 8
2.429165 1.135928 8
2.510943 0.811283 8
2.569764 0.976248 8
2.333918 0.766463 8
2.366 0.847018 8
2.210265 0.977821 8
2.370867 0.818168 8
2.461376 0.701724 8
2.37099 1.04862 8
2.240196 1.281074 8
2.283943 0.778214 8
2.176382 0.881078 8
2.523957 1.349188 8
2.395402 1.099419 8
2.352631 1.023611 8
2.546349 1.124638 8
2.316879 1.20237 8
2.15696 0.927241 8
2.487387 0.724783 8
2.423574 0.822662 8
2.373289 0.998175 8
2.493073 1.246968 8
2.570804 0.847492 8
2.281843 1.191569 8
2.345609 0.985991 8
2.401481 0.908277 8
2.314678 1.046697 8
2.257697 1.176546 8
2.373531 1.318377 8
2.208704 1.142834 8
2.217548 1.255797 8
2.430949 1.302753 8
2.51607 1.170146 8
2.298599 1.30878 8
2.503923 1.14745 8
2.27912 0.860519 8
2.225698 0.948794 8
2.248028 0.993871 8
2.347038 1.160243 8
2.444268 1.157201 8
2.575714 0.801519 8
2.410609 1.010262 8
2.528472 1.272434 8
2.398785 0.731679 8
2.309598 0.980653 8
2.47145 0.994655 8
2.213032 1.211185 8
2.393048 1.283408 8
2.464397 1.265712 8
2.476575 1.342812 8
2.556265 0.867553 8
2.556264 0.78339 8
2.572519 1.266814 8
2.45131 0.856685 8
2.583353 1.07632 8
2.490919 0.686606 8
2.169136 1.209024 8
2.427904 1.052422 8
2.400311 1.318146 8
2.303602 0.909002 8
2.349089 1.298097 8
2.356398 0.698646 8
2.43838 1.219848 8
2.576426 0.755027 8
2.511443 0.935712 8
2.185871 1.108182 8
2.320727 0.743289 8
2.275614 1.10402 8
2.472971 1.036547 8
2.154348 1.089292 8
2.392912 0.758001 8
2.447049 0.882898 8
2.350305 1.231564 8
2.255326 1.143712 8
2.137079 1.006798 8
2.190872 1.011774 8
2.310438 1.082198 8
2.300646 0.87434 8
2.182629 0.933464 8
2.375111 0.954998 8
2.169706 1.271293 8
2.348297 0.725805 8
2.548784 0.71103 8
2.241157 0.853664 8
2.15654 1.025067 8
2.468405 1.2105 8
2.582868 1.107637 8
2.575063 1.171214 8
2.412113 0.859489 8
2.539355 1.152423 8
2.225245 0.878844 8
2.304901 1.109873 8
2.462841 0.833736 8
2.515326 1.230963 8
2.524353 0.965966 8
2.541102 0.80401 8
2.420121 0.80171 8
2.430995 0.92885 8
2.454312 1.325478 8
2.423616 1.186213 8
2.518453 0.872682 8
2.528411 1.067604 8
2.277103 0.894466 8
2.318373 0.714512 8
2.401955 1.185065 8
2.544913 1.022754 8
2.323243 1.005213 8
2.480296 1.102531 8
2.365589 0.755666 8
2.576927 1.218859 8
2.274648 1.303899 8
2.39265 0.934837 8
2.450956 1.055964 8
2.450536 1.020719 8
2.420147 0.754578 8
2.331497 1.118429 8
2.374473 1.158319 8
2.246302 1.097557 8
2.149457 1.138017 8
2.162594 1.178161 8
2.38202 1.137603 8
2.288402 1.26925 8
2.360384 0.874847 8
2.452972 0.804914 8
2.463247 0.761871 8
2.561797 1.00077 8
2.416442 0.985503 8
2.537451 0.847881 8
2.418104 1.276901 8
2.485176 0.864948 8
2.427475 1.332802 8
2.571745 0.948605 8
2.581258 1.311253 8
2.463212 0.914779 8
2.270999 1.234185 8
2.393743 0.826568 8
2.344591 1.322755 8
2.276839 0.95267 8
2.561107 0.688535 8
2.216609 1.116381 8
2.32406 0.960867 8
2.513323 0.701514 8
2.348879 0.893972 8
2.403011 1.244182 8
2.544561 1.313136 8
2.254035 1.260453 8
2.543368 0.757285 8
2.502801 0.989559 8
2.512932 0.781519 8
2.36293 1.266313 8
2.583786 0.727461 8
2.437202 0.999019 8
2.433108 0.709169 8
2.433676 0.965203 8
2.20436 1.290406 8
2.507096 1.096002 8
2.219916 1.009485 8
2.499374 1.19473 8
2.558911 1.197669 8
2.321693 0.838934 8
2.185631 1.162734 8
2.313538 1.24123 8
2.49495 1.121167 8
2.496016 1.069932 8
2.356635 1.197104 8
2.537811 0.933642 8
2.415953 1.115183 8
2.188128 0.905114 8
2.409391 1.073258 8
2.547633 1.240875 8
2.509441 1.315539 8
2.413542 1.150302 8
2.274799 1.157572 8
2.561099 1.047581 8
2.393028 0.708896 8
2.354847 1.120378 8
2.488305 0.770468 8
2.265315 0.839206 8
2.228504 1.167134 8
2.167335 0.957354 8
2.583917 1.010038 8
2.256069 0.914784 8
2.378303 1.180178 8
2.465479 1.076134 8
2.524014 1.041968 8
2.49308 0.953026 8
2.24947 0.958566 8
2.282355 0.990595 8
2.234141 0.975595 8
2.455535 1.126065 8
2.337948 0.794369 8
2.434714 1.090541 8
2.579422 1.139288 8
2.491302 1.279098 8
2.132181 0.980706 8
2.332861 1.26461 8
2.220287 1.073432 8
2.1687 0.983947 8
2.518079 1.1209 8
2.355428 1.09226 8
2.254057 1.048405 8
2.278471 1.037944 8
2.434841 1.254862 8
2.257754 0.87194 8
2.214923 0.837585 8
2.476879 1.163747 8
2.367516 0.918245 8
2.450852 0.731589 8
2.582647 0.921711 8
1.381426 1.460868 9
0.913113 1.31563 9
1.287593 1.541696 9
1.257621 1.564428 9
1.066983 1.803753 9
1.214692 1.318962 9
1.133036 1.368553 9
0.934855 1.398952 9
1.258899 1.811041 9
0.998033 1.752118 9
1.202535 1.459235 9
1.160821 1.575667 9
1.312946 1.570622 9
1.07595 1.768683 9
1.012248 1.296357 9
1.143345 1.168887 9
1.424485 1.4098 9
1.341721 1.271073 9
1.151724 1.776669 9
1.075277 1.504186 9
1.21903 1.24413 9
1.106417 1.569544 9
1.004162 1.712888 9
1.129601 1.192576 9
0.729115 1.75046 9
0.848366 1.755656 9
1.006481 1.648295 9
1.169916 1.635584 9
0.907707 1.822047 9
1.04198 1.707775 9
0.82846 1.814545 9
0.914196 1.439694 9
1.288661 1.368293 9
1.241532 1.222646 9
1.320666 1.343862 9
0.843354 1.71944 9
0.710516 1.698588 9
1.329771 1.313883 9
0.884296 1.432302 9
1.098064 1.470309 9
1.393591 1.479898 9
1.094551 1.392956 9
1.058443 1.384769 9
1.043397 1.498746 9
1.25917 1.85406 9
1.352791 1.515743 9
0.988027 1.464878 9
0.993903 1.393711 9
1.211581 1.529387 9
1.254749 1.669342 9
1.260461 1.69465 9
1.165004 1.601435 9
1.200661 1.81094 9
1.215147 1.169943 9
0.749852 1.741689 9
0.788804 1.762551 9
1.37487 1.399838 9
1.01044 1.682481 9
1.047985 1.439288 9
0.829949 1.622632 9
1.291754 1.782362 9
1.120544 1.259577 9
1.122936 1.693249 9
0.995894 1.264689 9
1.06522 1.347913 9
1.302958 1.454532 9
0.945352 1.812461 9
1.023614 1.577827 9
1.198512 1.644059 9
1.273763 1.608107 9
0.782029 1.648533 9
1.232239 1.433877 9
0.808078 1.558712 9
0.969547 1.238769 9
0.921793 1.349504 9
1.303568 1.676938 9
1.096287 1.269888 9
1.032817 1.753747 9
1.085723 1.299094 9
1.272604 1.716636 9
0.776714 1.595152 9
1.200785 1.550811 9
1.419638 1.380813 9
1.351263 1.664625 9
0.964762 1.38543 9
1.078676 1.431974 9
1.121424 1.848443 9
1.081712 1.72475 9
1.018243 1.781899 9
0.938768 1.702588 9
1.339434 1.713048 9
1.366834 1.315257 9
1.138096 1.324495 9
1.106604 1.747428 9
0.985148 1.591721 9
1.21706 1.355695 9
0.905498 1.286704 9
0.949745 1.682133 9
0.799857 1.674476 9
1.174937 1.430071 9
0.758845 1.66667 9
0.812917 1.588945 9
1.156985 1.358704 9
1.045167 1.237009 9
0.924265 1.678798 9
1.275435 1.834745 9
1.315742 1.376096 9
1.129802 1.520827 9
1.18057 1.349812 9
0.739465 1.686382 9
1.220163 1.740949 9
1.360403 1.48613 9
0.890329 1.503815 9
1.047719 1.210107 9
1.292457 1.405757 9
0.896407 1.651404 9
0.752743 1.626692 9
0.961091 1.71713 9
0.766002 1.814831 9
1.018291 1.352091 9
1.252187 1.33002 9
1.106997 1.529768 9
1.265597 1.636734 9
1.298374 1.597233 9
0.894913 1.689066 9
1.340578 1.400783 9
0.913005 1.523169 9
1.047448 1.778388 9
1.093138 1.613244 9
1.124521 1.346906 9
1.040652 1.346177 9
0.844934 1.499645 9
1.308403 1.430707 9
0.788533 1.70086 9
0.835491 1.680468 9
0.838414 1.586622 9
0.822615 1.652209 9
1.260402 1.457706 9
0.940896 1.266328 9
0.967852 1.765491 9
0.776702 1.738299 9
1.247822 1.29901 9
0.979603 1.503729 9
0.718688 1.653737 9
1.002166 1.334601 9
0.833578 1.434727 9
1.157284 1.504868 9
0.857077 1.644419 9
0.88573 1.33037 9
1.307586 1.24372 9
1.162763 1.80921 9
1.257479 1.365899 9
0.841251 1.781567 9
1.319879 1.693179 9
1.245353 1.795136 9
1.153725 1.683908 9
0.932227 1.497924 9
0.951973 1.285439 9
1.187654 1.283376 9
1.387379 1.438986 9
1.414306 1.434662 9
1.270829 1.271109 9
1.133928 1.491314 9
1.302677 1.2022 9
1.288067 1.693566 9
1.384621 1.517762 9
1.050284 1.737149 9
0.878873 1.707243 9
0.939085 1.302303 9
1.375524 1.567387 9
1.32189 1.518812 9
1.131944 1.724429 9
1.064478 1.467706 9
1.342432 1.469692 9
1.283653 1.437496 9
1.115738 1.297754 9
0.867581 1.679089 9
1.293179 1.857387 9
0.978201 1.631324 9
1.406671 1.357955 9
1.02432 1.729 9
0.804101 1.823783 9
1.239659 1.830191 9
0.778634 1.569 9
0.851015 1.457116 9
0.996504 1.531215 9
0.984966 1.310009 9
1.360795 1.289386 9
0.960669 1.526971 9
1.28505 1.740516 9
0.954628 1.454583 9
0.890041 1.574717 9
1.347312 1.42762 9
1.39902 1.409733 9
1.072763 1.588051 9
1.26527 1.5117 9
0.810182 1.719113 9
1.029459 1.624844 9
0.976988 1.830823 9
0.95988 1.32165 9
1.041451 1.593929 9
0.880687 1.459691 9
1.018298 1.513542 9
1.161446 1.750473 9
1.276158 1.233467 9
0.881282 1.353721 9
1.203548 1.419402 9
1.073441 1.68887 9
1.212579 1.27539 9
0.967501 1.65698 9
0.821634 1.747919 9
0.947541 1.629802 9
0.762331 1.771107 9
1.086546 1.657508 9
0.993785 1.560808 9
1.163189 1.33489 9
1.020639 1.237783 9
0.965899 1.351718 9
1.181701 1.372729 9
1.255951 1.541491 9
1.199351 1.769745 9
1.330612 1.54685 9
1.255549 1.76701 9
0.787345 1.532828 9
1.07183 1.323739 9
0.897904 1.790089 9
1.224504 1.775378 9
1.195289 1.724959 9
1.238921 1.632756 9
0.815482 1.692763 9
1.165671 1.71579 9
1.34972 1.565704 9
1.019001 1.375946 9
1.081606 1.220644 9
0.926764 1.583057 9
0.862493 1.617115 9
1.113472 1.778051 9
0.766032 1.715889 9
1.177833 1.178877 9
0.872069 1.738321 9
0.874262 1.59441 9
1.028411 1.653761 9
1.218639 1.844485 9
0.881669 1.761277 9
1.175493 1.788406 9
1.080067 1.853428 9
1.136675 1.623575 9
0.933096 1.728414 9
1.168268 1.538125 9
1.166228 1.394733 9
1.290563 1.62538 9
1.269402 1.20249 9
1.321459 1.630397 9
1.102418 1.49967 9
1.024926 1.41564 9
1.225432 1.666497 9
1.126922 1.812638 9
1.166063 1.308398 9
1.198821 1.231611 9
0.742545 1.80956 9
1.351065 1.630088 9
0.953509 1.569392 9
1.206664 1.614751 9
1.230921 1.480254 9
1.019637 1.476741 9
1.186131 1.52296 9
0.871372 1.374651 9
1.045661 1.526841 9
0.929019 1.776127 9
0.952084 1.744282 9
1.236756 1.193739 9
0.982433 1.430932 9
1.363906 1.369127 9
1.046068 1.666732 9
1.075706 1.544635 9
1.057157 1.259473 9
1.248417 1.261271 9
1.108154 1.437391 9
0.917147 1.37957 9
0.855122 1.427284 9
1.125366 1.595472 9
1.232889 1.547415 9
0.81668 1.781152 9
1.134525 1.410995 9
1.207765 1.202052 9
1.198234 1.49904 9
1.021201 1.270206 9
1.289174 1.493419 9
0.825395 1.470425 9
1.041863 1.315206 9
1.034991 1.557657 9
1.098104 1.822571 9
1.066895 1.630623 9
0.940694 1.370589 9
1.166971 0.532513 10
1.145711 1.027 10
1.296207 0.827876 10
1.329879 1.094828 10
1.291056 0.585266 10
1.223147 1.018679 10
1.390189 0.754762 10
1.37225 1.10293 10
1.440615 0.878373 10
1.165118 1.010086 10
1.493777 0.517155 10
1.455988 0.963831 10
1.22963 0.658058 10
1.163461 1.101004 10
1.478949 0.916949 10
1.539958 0.644634 10
1.336334 0.7688 10
1.464746 0.520859 10
1.215021 0.497689 10
1.175964 0.437696 10
1.198847 0.64257 10
1.235901 1.153527 10
1.352457 0.528745 10
1.514652 0.591718 10
1.149954 0.721866 10
1.212741 0.911517 10
1.400259 0.64328 10
1.326323 1.130533 10
1.532905 0.93015 10
1.488171 0.666047 10
1.314463 1.042791 10
1.381041 0.698322 10
1.042788 0.692357 10
1.418931 0.807452 10
1.279123 0.868014 10
1.250602 1.118999 10
1.555102 0.790706 10
1.274521 0.565969 10
1.281185 0.927892 10
1.175753 0.749785 10
1.392587 0.905339 10
1.229344 1.087812 10
1.23239 0.807367 10
1.120849 0.703334 10
1.175743 0.838502 10
1.428873 0.75059 10
1.346098 0.478696 10
1.29605 0.686026 10
1.415328 0.898039 10
1.051639 0.636473 10
1.445807 0.503178 10
1.298 0.785783 10
1.351631 0.43998 10
1.279986 1.049946 10
1.31809 0.606027 10
1.217826 0.470201 10
1.241897 1.042578 10
1.279692 1.135892 10
1.278824 0.799717 10
1.479261 0.791153 10
1.291535 0.541095 10
1.091278 0.529631 10
1.451627 0.61119 10
1.413015 0.489443 10
1.213643 0.857413 10
1.128207 0.816714 10
1.467006 0.725583 10
1.336984 0.95355 10
1.138193 0.922834 10
1.470915 0.856686 10
1.349194 0.600843 10
1.163665 0.502799 10
1.362963 0.997193 10
1.373998 0.649811 10
1.354007 0.852491 10
1.024417 0.661412 10
1.522801 0.809425 10
1.309818 1.069529 10
1.094384 0.590312 10
1.36591 1.037501 10
1.551005 0.746014 10
1.224401 0.952932 10
1.391911 0.51164 10
1.256079 0.585476 10
1.196599 0.397542 10
1.324309 0.563123 10
1.167764 0.817903 10
1.565502 0.708561 10
1.559497 0.674777 10
1.10038 0.65877 10
1.142223 0.880806 10
1.319788 1.174675 10
1.563198 0.855205 10
1.15163 1.074091 10
1.376209 0.430088 10
1.147031 0.751579 10
1.403503 0.936333 10
1.050984 0.745297 10
1.27259 0.512576 10
1.251551 0.477448 10
1.147356 0.949343 10
1.104402 0.831107 10
1.491156 0.632919 10
1.091131 0.888158 10
1.349339 0.642444 10
1.230104 0.390567 10
1.128833 0.488127 10
1.365839 0.580845 10
1.347224 0.893519 10
1.179868 0.706909 10
1.176544 0.65405 10
1.618407 0.856459 10
1.570016 0.897332 10
1.422173 0.516546 10
1.222742 0.58735 10
1.477283 0.496257 10
1.167231 0.788964 10
1.577875 0.757705 10
1.171633 0.39089 10
1.245963 0.932195 10
1.347604 0.812799 10
1.406388 0.978056 10
1.272714 0.449973 10
1.447367 0.823027 10
1.168213 1.140561 10
1.107592 0.939597 10
1.241918 0.439696 10
1.160898 0.568784 10
1.33324 0.67982 10
1.066697 0.527873 10
1.136288 0.533015 10
1.093029 0.758867 10
1.533434 0.844332 10
1.244762 0.531566 10
1.188502 0.494589 10
1.287217 1.099921 10
1.513649 0.654044 10
1.198717 0.604948 10
1.146107 0.783854 10
1.158128 1.0507 10
1.25582 0.685959 10
1.124277 1.00086 10
1.328126 0.841276 10
1.413622 0.848606 10
1.432052 0.937776 10
1.228406 0.988339 10
1.424463 1.049915 10
1.408226 0.605627 10
1.172563 0.884479 10
1.191368 0.465954 10
1.066289 0.66089 10
1.379073 0.828066 10
1.421925 0.456272 10
1.151858 0.859288 10
1.234756 0.738322 10
1.117359 0.737294 10
1.355319 1.084614 10
1.338516 1.020337 10
1.073512 0.73977 10
1.527393 0.762872 10
1.214444 0.688851 10
1.117048 0.909353 10
1.409479 0.546409 10
1.30432 0.756852 10
1.407816 0.673791 10
1.19788 1.096321 10
1.469664 0.59037 10
1.105299 0.784762 10
1.42535 0.690932 10
1.455073 0.470918 10
1.395321 0.725939 10
1.129647 0.669362 10
1.224451 0.416951 10
1.325497 0.902446 10
1.316192 0.508762 10
1.372453 0.613365 10
1.158931 0.476745 10
1.312176 0.808293 10
1.203619 0.982802 10
1.100184 0.682546 10
1.462723 0.69767 10
1.172827 0.603963 10
1.194719 1.007191 10
1.362936 0.941161 10
1.06023 0.559003 10
1.513369 0.686134 10
1.402324 1.015287 10
1.107033 0.868322 10
1.237586 0.84771 10
1.311659 0.97035 10
1.489331 0.571997 10
1.356054 0.669559 10
1.491608 0.764014 10
1.215922 1.057393 10
1.498465 0.730741 10
1.450829 0.772542 10
1.261525 0.778553 10
1.332519 0.987341 10
1.454489 0.940463 10
1.35149 0.7439 10
1.452619 0.668005 10
1.145669 0.449593 10
1.474679 0.613869 10
1.304926 1.145137 10
1.428917 0.626999 10
1.039827 0.585195 10
1.064016 0.788751 10
1.206683 0.718665 10
1.360565 0.504368 10
1.355457 0.702323 10
1.259654 0.548143 10
1.382352 0.552022 10
1.587797 0.86752 10
1.257487 1.166521 10
1.116543 0.544968 10
1.429707 0.65477 10
1.542294 0.902353 10
1.530865 0.726663 10
1.215076 1.136371 10
1.395982 1.051161 10
1.485513 0.819315 10
1.320322 0.449578 10
1.181879 1.117598 10
1.550693 0.819001 10
1.302007 0.940856 10
1.180581 1.068727 10
1.158449 0.627839 10
1.487417 0.701607 10
1.299738 0.394099 10
1.478884 0.548047 10
1.587444 0.83598 10
1.192774 0.779337 10
1.28806 0.486111 10
1.372231 0.920909 10
1.189034 0.864811 10
1.324652 0.927027 10
1.326322 0.721885 10
1.582532 0.810768 10
1.31092 0.860706 10
1.121672 0.62714 10
1.372479 0.96212 10
1.596985 0.788021 10
1.311467 1.002883 10
1.196438 0.567397 10
1.342 1.061599 10
1.152775 0.413536 10
1.283139 0.728482 10
1.20544 0.8166 10
1.022109 0.614702 10
1.234117 0.356447 10
1.380212 0.463978 10
1.201077 0.428475 10
1.507667 0.852207 10
1.381216 1.075957 10
1.368342 0.783274 10
1.248526 0.711517 10
1.206869 0.939772 10
1.27469 0.419689 10
1.418518 0.778596 10
1.450202 0.902463 10
1.223367 0.557515 10
1.50889 0.907516 10
0.238111 0.786209 11
0.43151 0.8988 11
0.413662 0.823551 11
0.302309 0.674694 11
0.412235 0.630052 11
0.349549 0.48578 11
0.380856 0.694664 11
0.357664 0.626173 11
0.461332 0.620064 11
0.333363 0.778524 11
0.309773 0.913702 11
0.282712 0.855238 11
0.283313 0.525703 11
0.465407 0.461093 11
0.541895 0.699415 11
0.384927 0.610832 11
0.259428 0.57457 11
0.503831 0.813575 11
0.256778 0.522284 11
0.399577 0.845849 11
0.48494 0.936241 11
0.568679 0.71696 11
0.520917 0.89145 11
0.367892 0.714433 11
0.367375 0.538268 11
0.430247 0.461393 11
0.453387 0.792222 11
0.233205 0.520097 11
0.272584 0.768929 11
0.27045 0.934874 11
0.314025 0.653576 11
0.413597 0.772581 11
0.411715 0.66498 11
0.368354 0.576155 11
0.255963 0.609783 11
0.458072 0.493354 11
0.265179 0.68557 11
0.566009 0.670824 11
0.289837 0.603234 11
0.422883 0.488144 11
0.254745 1.025858 11
0.324165 0.492185 11
0.22942 0.596631 11
0.277585 0.631901 11
0.419387 0.800334 11
0.372927 0.512779 11
0.227992 0.545913 11
0.232072 0.908206 11
0.363516 0.759579 11
0.471851 0.659785 11
0.481298 0.480504 11
0.411344 0.991893 11
0.418892 0.961471 11
0.488299 0.777745 11
0.397667 0.584873 11
0.579034 0.619301 11
0.441841 0.516247 11
0.30281 0.539809 11
0.434047 0.709138 11
0.239501 0.976276 11
0.277516 0.657108 11
0.442311 0.64055 11
0.32771 0.973848 11
0.301174 0.964765 11
0.488624 0.610364 11
0.382258 0.741815 11
0.380226 0.483306 11
0.337702 0.647914 11
0.339632 0.677028 11
0.455926 0.733734 11
0.271303 0.458739 11
0.584372 0.655696 11
0.475625 0.871051 11
0.311143 0.868554 11
0.339929 0.852056 11
0.547484 0.634686 11
0.38314 0.456407 11
0.27362 0.983666 11
0.539344 0.726005 11
0.537904 0.675402 11
0.316059 0.826025 11
0.525501 0.647365 11
0.444524 0.941877 11
0.403113 0.69871 11
0.467052 0.592466 11
0.256051 0.891996 11
0.400033 0.498945 11
0.345043 0.919747 11
0.33858 0.89211 11
0.303189 0.846172 11
0.502795 0.554976 11
0.429088 0.610081 11
0.418306 0.547421 11
0.322813 0.459414 11
0.449701 0.864434 11
0.491827 0.718939 11
0.438526 0.581276 11
0.468033 0.681925 11
0.405982 0.525267 11
0.362364 0.815001 11
0.527808 0.851729 11
0.336975 0.736375 11
0.49935 0.58132 11
0.307834 0.743725 11
0.533732 0.568268 11
0.398372 0.933645 11
0.306035 1.007582 11
0.46954 0.713285 11
0.235913 0.708725 11
0.447126 0.542077 11
0.457122 0.924265 11
0.357561 0.989993 11
0.440239 0.830314 11
0.299757 0.476818 11
0.444898 0.763061 11
0.502777 0.867919 11
0.238305 1.005804 11
0.476333 0.561208 11
0.333846 0.709054 11
0.231082 0.67423 11
0.233816 0.621681 11
0.514088 0.607745 11
0.334416 0.806099 11
0.465185 0.903832 11
0.460088 0.972407 11
0.521728 0.78647 11
0.324416 0.940226 11
0.339646 0.516723 11
0.515056 0.705893 11
0.350519 0.951247 11
0.392297 0.970191 11
0.229376 0.872039 11
0.248576 0.646601 11
0.506457 0.48955 11
0.264441 0.547312 11
0.445137 0.677076 11
0.272453 0.718111 11
0.275072 0.811592 11
0.242638 0.817181 11
0.478256 0.535547 11
0.285051 1.028177 11
0.305769 0.578793 11
0.387305 0.787469 11
0.234159 1.060533 11
0.557686 0.122032 12
0.310357 0.125248 12
0.27669 0.122751 12
0.288973 0.2615 12
0.346026 0.284084 12
0.251411 0.451362 12
0.39709 0.321658 12
0.232735 0.289963 12
0.513167 0.176581 12
0.260256 0.2362 12
0.410794 0.217884 12
0.380741 0.207553 12
0.527123 0.201781 12
0.467945 0.331522 12
0.37485 0.410199 12
0.385901 0.116393 12
0.47623 0.398349 12
0.450844 0.23228 12
0.229116 0.257956 12
0.35003 0.238442 12
0.360767 0.308427 12
0.454997 0.123827 12
0.369444 0.434435 12
0.460454 0.376767 12
0.521563 0.123121 12
0.253531 0.170222 12
0.481638 0.197872 12
0.322277 0.186799 12
0.324037 0.146643 12
0.328957 0.36449 12
0.447659 0.168585 12
0.232862 0.419656 12
0.280242 0.183365 12
0.231157 0.318809 12
0.384073 0.251097 12
0.489297 0.246354 12
0.365111 0.176957 12
0.443807 0.26626 12
0.273717 0.375365 12
0.438385 0.330712 12
0.418292 0.428054 12
0.412815 0.245112 12
0.507062 0.298516 12
0.436073 0.402756 12
0.248771 0.272708 12
0.525618 0.247123 12
0.348014 0.444812 12
0.293653 0.390872 12
0.354919 0.141369 12
0.348318 0.209633 12
0.420901 0.295638 12
0.230472 0.454613 12
0.326545 0.315945 12
0.477541 0.359616 12
0.237516 0.389161 12
0.312083 0.283072 12
0.440125 0.370444 12
0.42009 0.117896 12
0.255428 0.407202 12
0.347916 0.394731 12
0.552701 0.156555 12
0.385678 0.161831 12
0.372229 0.371547 12
0.483609 0.4194 12
0.33977 0.164904 12
0.313949 0.24062 12
0.259626 0.327594 12
0.23503 0.142472 12
0.333374 0.260555 12
0.400653 0.143175 12
0.234274 0.361389 12
0.409166 0.359716 12
0.406538 0.179211 12
0.519252 0.148866 12
0.311401 0.218126 12
0.285537 0.34321 12
0.309797 0.435503 12
0.301781 0.365491 12
0.357894 0.333149 12
0.241039 0.191242 12
0.301984 0.312858 12
0.410439 0.385772 12
0.426328 1.631815 13
0.51568 1.713655 13
0.419849 1.873242 13
0.70826 1.776207 13
0.472615 1.65619 13
0.337019 1.696299 13
0.273815 1.659829 13
0.409623 1.703948 13
0.242252 1.871628 13
0.504201 1.835869 13
0.543036 1.889015 13
0.369686 2.116324 13
0.438998 1.806027 13
0.232158 1.781127 13
0.545069 1.979039 13
0.236461 2.116995 13
0.247654 2.202165 13
0.356682 1.913427 13
0.286937 1.875995 13
0.523681 1.644565 13
0.238195 1.695922 13
0.351234 1.836911 13
0.647994 1.728859 13
0.303131 1.987134 13
0.31334 1.918272 13
0.524901 1.854892 13
0.252921 1.600316 13
0.311883 1.573857 13
0.628009 1.803077 13
0.302615 1.549662 13
0.49412 1.732594 13
0.532859 1.818989 13
0.340522 1.937415 13
0.227919 1.995108 13
0.518901 1.965566 13
0.42767 1.734782 13
0.36417 1.616824 13
0.281321 2.104611 13
0.260734 1.776138 13
0.292975 1.628373 13
0.231812 2.175923 13
0.639458 1.906504 13
0.296743 1.779508 13
0.461087 1.997557 13
0.409124 1.590345 13
0.376905 1.659844 13
0.516282 1.897197 13
0.395856 1.900576 13
0.498198 1.877948 13
0.306874 1.888288 13
0.68199 1.738584 13
0.394158 1.96366 13
0.624088 1.836807 13
0.229712 1.660039 13
0.344091 2.014976 13
0.277827 1.932194 13
0.473873 1.629308 13
0.493353 2.022442 13
0.528481 1.671226 13
0.283065 1.743635 13
0.584547 1.853814 13
0.662425 1.795941 13
0.458854 1.932223 13
0.621425 1.87534 13
0.565052 1.873744 13
0.43163 1.839327 13
0.509319 1.802256 13
0.315412 1.962969 13
0.537535 1.928002 13
0.373122 2.004786 13
0.387495 1.690225 13
0.446145 1.647144 13
0.588317 1.769319 13
0.361645 2.054627 13
0.381321 1.781706 13
0.59325 1.944436 13
0.445302 1.960196 13
0.393281 1.634094 13
0.238956 2.073808 13
0.255848 1.963315 13
0.610062 1.90807 13
0.629058 1.663232 13
0.494107 1.983072 13
0.409266 1.675214 13
0.279825 1.566736 13
0.409582 2.0603 13
0.229451 1.751957 13
0.596181 1.736354 13
0.716181 1.828325 13
0.266236 2.06594 13
0.592963 1.796674 13
0.507125 1.611062 13
0.34702 1.573308 13
0.685924 1.858825 13
0.288127 2.047853 13
0.300636 2.15203 13
0.400989 1.832019 13
0.320415 1.727899 13
0.28483 1.52013 13
0.262819 2.117793 13
0.475041 1.805167 13
0.310814 1.839252 13
0.560801 1.650872 13
0.276251 1.974643 13
0.379362 1.876843 13
0.523673 1.770949 13
0.460063 1.598961 13
0.239927 1.944692 13
0.360805 1.682396 13
0.548868 1.717708 13
0.230372 1.968644 13
0.460991 1.772318 13
0.228083 1.565219 13
0.551081 1.78763 13
0.384418 1.922355 13
0.386978 1.85141 13
0.330061 1.896706 13
0.340619 2.064214 13
0.330052 1.657903 13
0.433519 1.57465 13
0.406821 1.994013 13
0.429878 2.010143 13
0.558172 1.825453 13
0.336388 1.630433 13
0.33309 1.873749 13
0.65701 1.852825 13
0.367203 1.946375 13
0.261444 1.546599 13
0.576053 1.706602 13
0.485853 1.954081 13
0.359086 1.807698 13
0.299083 2.023141 13
0.257655 2.173803 13
0.353992 1.979296 13
0.25056 1.831941 13
0.479672 1.848102 13
0.234021 1.806971 13
0.549631 1.74266 13
0.652383 1.67707 13
0.445421 1.863897 13
0.469646 1.683864 13
0.459757 1.72137 13
0.381645 2.092508 13
0.282475 1.595845 13
0.314555 1.605127 13
0.227778 1.843765 13
0.428034 1.771911 13
0.492632 1.701746 13
0.264094 1.707544 13
0.329684 1.532674 13
0.553724 1.682723 13
0.265999 2.146523 13
0.37732 1.757689 13
0.31936 1.763681 13
0.635702 1.766349 13
0.35054 1.745014 13
0.323368 2.085899 13
0.396341 1.74119 13
0.390975 2.029765 13
0.26233 1.63257 13
0.236524 1.532539 13
0.34862 2.099526 13
0.286579 2.003677 13
0.378004 1.597539 13
0.692397 1.823193 13
0.277263 1.827042 13
0.490317 1.765108 13
0.291018 2.079968 13
0.55285 1.951166 13
0.592462 1.82307 13
0.258881 1.996727 13
0.303049 1.669429 13
0.228088 1.633958 13
0.456929 1.891228 13
0.456975 2.03822 13
0.34847 1.716459 13
0.265221 2.031316 13
2.097845 1.62285 14
1.980734 2.231437 14
2.281026 2.208406 14
2.170249 1.925571 14
2.209728 2.259981 14
2.197773 1.734788 14
2.045782 2.114252 14
2.196711 1.825725 14
2.255151 1.915548 14
2.320993 1.923713 14
1.957637 1.841619 14
2.270959 2.058859 14
1.972577 1.764574 14
2.291 2.077402 14
1.985512 1.668842 14
2.044193 2.138255 14
1.900989 1.974139 14
2.104908 2.254904 14
2.320987 1.837136 14
2.181026 2.224104 14
2.300978 1.887694 14
1.906343 1.80338 14
2.137831 1.927661 14
2.005085 1.975396 14
1.938653 2.160176 14
1.851789 1.885997 14
2.06809 1.975719 14
2.117473 1.637571 14
2.0467 2.192737 14
1.968668 1.714425 14
2.031757 2.085687 14
2.120837 1.855215 14
2.249726 1.878147 14
2.34931 1.858776 14
2.068722 2.212092 14
2.215777 1.804849 14
2.270262 1.782154 14
2.148137 1.994766 14
1.93633 1.770178 14
1.953515 1.883586 14
2.321098 1.982118 14
2.057223 1.753198 14
2.076198 1.604912 14
1.856513 1.926177 14
1.913423 1.762345 14
1.97515 1.73852 14
2.017152 1.58919 14
1.8488 1.972491 14
1.844603 1.838201 14
1.969478 2.180281 14
2.07578 1.776475 14
2.033853 1.958528 14
2.194701 2.107613 14
2.222622 2.192872 14
2.07599 2.116038 14
1.962386 1.572181 14
2.178099 2.053888 14
1.961855 1.925939 14
2.100423 1.829527 14
1.890582 1.742094 14
2.181809 1.955756 14
2.168155 2.087777 14
1.832325 2.020903 14
2.231562 1.823913 14
1.978156 2.105522 14
2.025258 2.157535 14
1.949965 2.131495 14
2.220806 1.870908 14
2.141742 1.750103 14
2.221481 2.285298 14
1.938419 1.681368 14
1.993338 1.916444 14
2.277828 2.107571 14
1.906719 2.063006 14
2.030797 1.661565 14
2.056821 1.805993 14
2.010678 2.120636 14
2.065448 1.634963 14
1.941816 2.096071 14
2.108622 2.019671 14
1.947063 1.796918 14
2.268971 2.24952 14
2.06057 2.29393 14
2.282322 1.907124 14
2.096337 1.746077 14
2.217072 1.928029 14
2.105158 1.961048 14
2.207827 2.151815 14
2.0156 1.897207 14
2.262169 2.293066 14
2.25725 2.231132 14
2.151571 1.786938 14
1.833334 1.918349 14
2.095132 1.805567 14
1.848275 2.062609 14
2.078013 1.844233 14
2.002799 2.166145 14
2.230334 2.091455 14
2.16088 1.824997 14
2.027407 1.991449 14
2.078903 2.148065 14
2.138415 2.026696 14
1.861563 1.788599 14
2.126323 1.731044 14
1.80636 1.975845 14
2.250486 1.946143 14
1.935658 1.632504 14
2.250179 2.146332 14
2.281006 2.019979 14
2.104325 2.131502 14
2.22495 1.775402 14
2.288883 2.146635 14
1.889074 1.77935 14
1.997067 2.197377 14
2.228062 2.123105 14
2.196807 1.887162 14
2.250821 2.196482 14
2.153687 2.163241 14
2.033293 1.835784 14
1.935305 2.028954 14
2.238288 1.748487 14
2.298378 1.943806 14
2.000291 2.071384 14
1.918391 1.894027 14
1.869649 1.763898 14
1.965624 1.982344 14
2.114768 2.284434 14
2.034346 1.718949 14
2.202705 1.768118 14
2.078771 1.717425 14
1.960668 1.679512 14
2.15419 2.25592 14
1.922172 1.852708 14
2.106417 2.163007 14
2.124345 1.889343 14
2.193219 2.289854 14
2.073595 2.01224 14
2.135527 2.274223 14
1.971172 1.635767 14
2.164167 2.01494 14
2.297677 1.847806 14
1.835929 1.861629 14
2.092653 1.991932 14
2.158858 1.673335 14
2.238625 1.799588 14
1.836622 1.949259 14
2.119089 1.774564 14
2.020869 2.215709 14
2.297874 1.971047 14
2.031195 1.611871 14
2.090507 2.192614 14
2.268563 1.828651 14
2.11868 1.981898 14
2.071116 1.888429 14
2.050638 1.995035 14
2.235274 2.212379 14
2.062407 2.064075 14
2.164894 2.1122 14
2.151875 1.884883 14
2.041753 1.8848 14
1.906783 2.029829 14
2.2518 2.033649 14
1.983677 1.602111 14
2.03652 1.782343 14
1.807952 1.996317 14
1.875462 1.948574 14
1.990659 1.551568 14
1.947404 2.055163 14
1.913057 1.730101 14
1.984019 1.805458 14
2.135607 2.065596 14
2.184576 2.160209 14
1.875658 1.895714 14
2.249696 1.995768 14
2.043018 1.58852 14
2.088968 1.673395 14
2.09125 2.057247 14
1.942353 1.738429 14
1.987555 1.847008 14
1.937469 1.709453 14
1.998208 2.003007 14
2.112154 2.101564 14
2.069772 2.08767 14
2.162839 2.197532 14
1.977137 2.073753 14
2.253854 2.090778 14
2.179258 1.71101 14
2.320601 1.869769 14
1.954446 1.653689 14
2.274307 2.172493 14
1.873559 2.006018 14
1.989346 1.576278 14
2.218976 2.00355 14
1.90176 1.92847 14
2.207857 1.955544 14
2.276786 1.863259 14
2.234742 2.171564 14
2.008026 1.832961 14
2.096258 1.889246 14
1.804217 1.951846 14
2.01076 1.783549 14
1.902784 2.131911 14
2.17942 2.266445 14
2.017284 1.55932 14
2.166757 2.286438 14
2.010769 1.692206 14
2.013896 2.036553 14
2.009111 1.633658 14
2.244664 2.261243 14
2.010557 1.941082 14
2.278746 1.990776 14
1.97686 2.023432 14
2.089109 1.927301 14
2.058436 1.68729 14
2.045786 2.265762 14
2.220808 2.070736 14
2.126097 2.202544 14
2.173009 1.756579 14
1.979439 1.951222 14
2.191228 2.003693 14
1.863118 2.026256 14
2.128565 1.671965 14
1.717658 0.732971 15
1.99168 0.632194 15
2.039073 0.776094 15
2.08214 0.627881 15
1.903264 0.738878 15
1.857637 0.506501 15
2.137344 0.643026 15
1.556147 0.558498 15
2.042045 0.738292 15
1.937711 0.910769 15
2.067073 0.788015 15
1.691656 0.46322 15
1.654112 0.45828 15
2.024833 0.406475 15
1.932418 0.699514 15
1.879015 0.411983 15
1.677046 0.500517 15
2.046035 0.531443 15
2.057799 0.425618 15
1.920183 0.471086 15
2.06494 0.918543 15
2.148681 0.848106 15
2.142826 0.560721 15
1.83909 0.358593 15
2.157584 0.616003 15
1.644653 0.692721 15
2.134218 0.46277 15
2.077638 0.392654 15
1.984323 0.815979 15
1.985665 0.349844 15
2.037834 0.458136 15
2.121918 0.911714 15
1.637386 0.572502 15
1.769399 0.447123 15
1.929085 0.648498 15
1.761769 0.844133 15
1.992283 0.573175 15
1.804997 0.537331 15
1.997006 0.491113 15
1.902934 0.852633 15
2.074144 0.813199 15
1.917482 0.531033 15
2.219808 0.622157 15
2.007174 0.454943 15
1.588688 0.538563 15
2.103058 0.806071 15
1.759536 0.675882 15
1.878081 0.444585 15
1.779661 0.525634 15
1.62167 0.629292 15
2.093409 0.924667 15
2.08109 0.538809 15
1.988932 0.436046 15
1.590166 0.692678 15
1.755217 0.873023 15
1.741113 0.768146 15
2.072487 0.893182 15
1.975085 0.558139 15
1.693864 0.785762 15
2.166971 0.571516 15
2.069549 0.456767 15
2.020248 0.281835 15
1.938944 0.241585 15
1.847017 0.461257 15
1.702768 0.875501 15
2.028431 0.364155 15
1.891391 0.634907 15
2.226476 0.81057 15
1.965655 0.27722 15
1.811918 0.879713 15
2.166962 0.547571 15
1.87103 0.328051 15
2.003734 0.659132 15
1.944512 0.617216 15
1.839932 0.322144 15
1.806873 0.42572 15
1.813692 0.701129 15
2.04228 0.496281 15
1.957386 0.581554 15
2.117977 0.509663 15
1.631895 0.459729 15
1.596245 0.728108 15
2.095144 0.901073 15
1.80063 0.346579 15
1.915164 0.322836 15
2.10069 0.564991 15
1.577197 0.638715 15
2.164569 0.808786 15
1.673693 0.424729 15
2.057464 0.60642 15
1.625902 0.760393 15
2.005765 0.918771 15
2.009318 0.324734 15
2.119636 0.832471 15
2.07314 0.740412 15
1.811553 0.610771 15
1.939007 0.728093 15
2.129891 0.710628 15
2.038947 0.58792 15
1.722518 0.853235 15
1.864019 0.364375 15
1.929843 0.883497 15
1.995854 0.279197 15
1.689828 0.842692 15
1.724321 0.534002 15
2.078631 0.494566 15
1.837772 0.870894 15
2.184745 0.853129 15
1.830901 0.491821 15
1.874288 0.468519 15
2.022024 0.513148 15
1.596652 0.667694 15
2.129777 0.877936 15
2.184958 0.82558 15
2.105237 0.775267 15
1.932255 0.845855 15
2.111253 0.646172 15
1.804298 0.655589 15
2.069575 0.680581 15
2.199839 0.544454 15
1.887297 0.813256 15
2.140403 0.735785 15
1.909607 0.383179 15
1.841205 0.432823 15
2.043339 0.928292 15
1.632027 0.725536 15
1.602943 0.514242 15
2.279491 0.67407 15
1.980885 0.455552 15
1.724432 0.619979 15
2.049758 0.32088 15
1.672055 0.870396 15
1.976933 0.891121 15
2.010953 0.552464 15
2.19906 0.703729 15
2.253741 0.621082 15
1.660453 0.595132 15
1.964991 0.223835 15
2.071328 0.575817 15
1.670476 0.733547 15
1.881683 0.77148 15
1.793163 0.443686 15
2.042418 0.901077 15
1.73606 0.596022 15
1.969617 0.508334 15
1.977939 0.374214 15
2.200362 0.670167 15
2.129625 0.768259 15
1.912144 0.585626 15
1.939941 0.393685 15
2.00622 0.774605 15
1.945192 0.425952 15
1.892211 0.274249 15
2.041842 0.296064 15
1.817228 0.365468 15
2.00833 0.725591 15
1.853789 0.617654 15
1.598869 0.562531 15
1.577298 0.57901 15
1.709704 0.409022 15
1.781903 0.706435 15
1.95305 0.467843 15
2.035111 0.661134 15
2.153133 0.895402 15
2.055497 0.718253 15
2.107288 0.438735 15
1.863024 0.680466 15
1.566884 0.531329 15
1.824039 0.814926 15
1.613458 0.706337 15
2.137835 0.588513 15
2.083036 0.857887 15
1.9914 0.852337 15
1.688916 0.817929 15
1.590244 0.490936 15
1.784953 0.363643 15
2.057392 0.349349 15
1.658449 0.539308 15
2.271744 0.71133 15
1.675841 0.76127 15
1.982471 0.244289 15
1.758052 0.784935 15
1.883999 0.298482 15
1.979052 0.666044 15
1.741878 0.422712 15
2.057265 0.870162 15
1.96126 0.34608 15
1.953206 0.870926 15
2.09366 0.471674 15
1.755562 0.537334 15
1.703648 0.758087 15
1.739814 0.467733 15
2.000994 0.531101 15
2.045331 0.62657 15
1.961335 0.840706 15
2.246184 0.75075 15
2.016609 0.845887 15
1.779703 0.385612 15
1.968906 0.403852 15
2.236333 0.728547 15
1.724368 0.389952 15
2.022867 0.684082 15
2.133618 0.48722 15
2.000912 0.390334 15
2.232128 0.642402 15
1.674268 0.671198 15
2.105213 0.531084 15
2.060008 0.652743 15
1.720077 0.491385 15
1.899379 0.669445 15
1.92073 0.421134 15
1.934987 0.79172 15
2.016653 0.57647 15
1.632479 0.520701 15
1.839784 0.644096 15
1.654084 0.485085 15
1.78529 0.878688 15
1.935127 0.560107 15
2.155159 0.492323 15
1.855787 0.749309 15
2.082659 0.429871 15
1.817258 0.472144 15
2.228544 0.702605 15
1.754177 0.713241 15
2.028781 0.810685 15
2.222823 0.777841 15
2.201885 0.606344 15
2.155127 0.780834 15
1.632059 0.795493 15
1.764488 0.490593 15
2.262372 0.655385 15
1.650227 0.768632 15
1.962117 0.777622 15
2.046586 0.843949 15
2.252984 0.681704 15
1.849904 0.708926 15
1.615297 0.586564 15
1.789838 0.625435 15
1.957497 0.68458 15
1.697144 0.6862 15
1.974138 0.734482 15
1.755695 0.566223 15
1.941598 0.306312 15
1.705592 0.593167 15
2.102854 0.405904 15
1.592873 0.602271 15
1.713817 0.562198 15
1.927365 0.820589 15
1.785423 0.471801 15
2.117221 0.614482 15
1.629654 0.487023 15
1.635997 0.657869 15
1.966799 0.646265 15
1.931492 0.358252 15
1.65675 0.834345 15
1.822856 0.753525 15
1.779789 0.417719 15
2.151659 0.528338 15
1.755534 0.393618 15
1.770071 0.642127 15
1.74288 0.489924 15
1.846081 0.547303 15
1.858257 0.882971 15
1.864815 0.653326 15
1.696085 0.621938 15
2.01738 0.875117 15
2.069878 0.764482 15
1.952102 0.810954 15
1.907137 0.894465 15
1.921781 0.27424 15
1.937898 0.76021 15
2.17452 0.717334 15
1.870242 0.594787 15
2.164956 0.655913 15
1.672585 0.705086 15
1.683891 0.583405 15
1.906998 0.445336 15
1.743812 0.744547 15
1.786521 0.581723 15
1.665968 0.788518 15
2.111686 0.733705 15
1.825882 0.514864 15
1.818896 0.85468 15
1.794918 0.682319 15
1.603737 0.644946 15
2.266116 0.742628 15
1.688066 0.542143 15
1.766454 1.928132 16
1.410068 1.559926 16
1.702918 1.932872 16
1.671621 1.655789 16
1.566288 1.47385 16
1.345172 1.890594 16
1.658987 1.702531 16
1.508294 1.796455 16
1.627632 1.951509 16
1.784199 1.734826 16
1.415803 1.780715 16
1.534919 1.48439 16
1.790075 1.610307 16
1.57133 1.660293 16
1.482045 1.831158 16
1.453059 1.934481 16
1.447943 1.441967 16
1.819129 1.730008 16
1.935264 1.581409 16
1.799593 1.513049 16
1.53041 1.526456 16
1.440747 1.983283 16
1.717607 1.489989 16
1.374758 1.77384 16
1.432232 1.544425 16
1.35178 1.923048 16
1.705363 1.730803 16
1.716388 1.850455 16
1.628982 1.571409 16
1.804697 1.855462 16
1.573889 1.55722 16
1.69045 1.557456 16
1.378582 1.713379 16
1.876998 1.621787 16
1.614241 1.892685 16
1.452203 1.414432 16
1.432356 1.723762 16
1.644228 1.925221 16
1.64179 1.658452 16
1.718135 1.566103 16
1.459127 1.790656 16
1.811631 1.53912 16
1.506888 1.903775 16
1.513736 1.641009 16
1.495752 1.538002 16
1.599733 1.559678 16
1.741829 1.73646 16
1.637921 1.506129 16
1.611421 1.505706 16
1.496343 1.754143 16
1.399228 1.910065 16
1.551927 1.543063 16
1.616769 1.832629 16
1.618429 1.927054 16
1.66246 1.563733 16
1.682598 1.815797 16
1.673343 1.728863 16
1.441382 1.646603 16
1.585294 1.59481 16
1.579001 1.530118 16
1.805883 1.756525 16
1.661028 1.94808 16
1.815074 1.652731 16
1.90801 1.630247 16
1.462535 1.532078 16
1.395484 1.585143 16
1.685042 1.975147 16
1.681546 1.865727 16
1.368144 1.743513 16
1.842696 1.758177 16
1.50514 1.423861 16
1.704913 1.795785 16
1.4771 1.412737 16
1.757289 1.859349 16
1.378041 1.893691 16
1.658112 1.62778 16
1.579303 1.868903 16
1.610138 1.788406 16
1.792358 1.895522 16
1.768511 1.808961 16
1.511536 1.499303 16
1.331487 1.842622 16
1.846312 1.643437 16
1.330354 1.804479 16
1.599249 1.943041 16
1.603665 1.647319 16
1.500851 1.571218 16
1.426443 1.750616 16
1.841417 1.617532 16
1.398835 1.648186 16
1.469774 1.564183 16
1.547225 1.653494 16
1.566818 1.83425 16
1.538963 1.821741 16
1.594322 1.753147 16
1.49074 1.719591 16
1.400758 1.984335 16
1.628453 1.624247 16
1.670371 1.602272 16
1.613438 1.696202 16
1.639189 1.807185 16
1.61409 1.460436 16
1.598201 1.810689 16
1.37356 1.648897 16
1.460061 1.386824 16
1.408308 1.949821 16
1.540786 1.428091 16
1.479252 1.454235 16
1.734566 1.607571 16
1.440591 1.90895 16
1.771777 1.494668 16
1.585849 1.459389 16
1.612766 1.869517 16
1.800182 1.694056 16
1.697954 1.505197 16
1.403347 1.677954 16
1.559454 1.903287 16
1.482789 1.886697 16
1.665997 1.526285 16
1.449655 1.827847 16
1.386815 1.617096 16
1.612445 1.595297 16
1.818321 1.589769 16
1.579954 1.49987 16
1.361715 1.827935 16
1.3124 1.882948 16
1.928686 1.609113 16
1.403652 1.70441 16
1.477973 1.910109 16
1.70524 1.822872 16
1.631723 1.724324 16
1.800255 1.816241 16
1.474855 1.616741 16
1.453231 1.600256 16
1.562295 1.806406 16
1.647828 1.756286 16
1.54043 1.596129 16
1.554154 1.509181 16
1.538181 1.976844 16
1.738944 1.509876 16
1.775633 1.554917 16
1.495427 1.659557 16
1.737013 1.819149 16
1.788782 1.872633 16
1.591009 1.838673 16
1.715194 1.590245 16
1.552352 1.685775 16
1.438818 1.805684 16
1.749267 1.533041 16
1.467969 1.678452 16
1.386959 1.805208 16
1.435193 1.513938 16
1.522382 1.450752 16
1.750848 1.97505 16
1.575459 1.943412 16
1.641353 1.891557 16
1.772617 1.527922 16
1.902005 1.553039 16
1.364599 1.799342 16
1.770837 1.709469 16
1.490812 1.687498 16
1.55696 1.710736 16
1.745432 1.902741 16
1.72195 1.75781 16
1.63624 1.779406 16
1.756588 1.579994 16
1.617888 1.53569 16
1.442493 1.620299 16
1.869282 1.727964 16
1.512299 1.823199 16
1.377262 1.675322 16
1.595079 1.906155 16
1.417941 1.857886 16
1.568708 1.985754 16
1.465924 1.73889 16
1.497965 1.611661 16
1.574727 1.631162 16
1.596714 1.482207 16
1.768145 1.957496 16
1.731058 1.667415 16
1.418675 1.812768 16
1.76916 1.627245 16
1.745945 1.640159 16
1.677065 1.784498 16
1.463741 1.713973 16
1.645532 1.594848 16
1.812569 1.623437 16
1.525988 1.947286 16
1.51558 1.696008 16
1.622494 1.983728 16
1.848709 1.688377 16
1.554416 1.767304 16
1.422746 1.464912 16
1.648177 1.856279 16
1.664858 1.915921 16
1.744214 1.937489 16
1.719097 1.877031 16
1.905562 1.595104 16
1.487578 1.591394 16
1.52228 1.613572 16
1.443096 1.699655 16
1.595547 1.721772 16
1.531775 1.571264 16
1.549326 1.955433 16
1.487795 1.995789 16
1.691694 1.590563 16
1.583633 1.681012 16
1.505286 1.475383 16
1.575973 1.778777 16
1.503994 1.971267 16
1.63985 1.462498 16
1.537387 1.865293 16
1.787259 1.919054 16
2.178795 1.536962 17
2.202507 1.490334 17
2.500296 1.620662 17
2.578449 1.593099 17
2.371651 1.612867 17
2.241525 1.328424 17
2.187389 1.377054 17
2.540023 1.54767 17
2.526343 1.648504 17
2.528247 1.574151 17
2.485585 1.707769 17
2.233767 1.623686 17
2.528243 1.45619 17
2.578351 1.447256 17
2.418048 1.552821 17
2.143745 1.316359 17
2.452449 1.417439 17
2.52192 1.701452 17
2.388447 1.594886 17
2.577316 1.54165 17
2.327355 1.731752 17
2.159549 1.630687 17
2.265975 1.369323 17
2.458507 1.488093 17
2.277385 1.622301 17
2.151381 1.56832 17
2.512823 1.596578 17
2.314107 1.330149 17
2.486441 1.453718 17
2.566679 1.46945 17
2.132544 1.468701 17
2.510535 1.436297 17
2.33116 1.554646 17
2.551689 1.584912 17
2.375556 1.471846 17
2.230807 1.513645 17
2.194566 1.466827 17
2.572089 1.70422 17
2.546985 1.743515 17
2.328648 1.52285 17
2.58261 1.683225 17
2.418335 1.633332 17
2.499354 1.659714 17
2.356103 1.548442 17
2.398708 1.717934 17
2.42036 1.733332 17
2.196934 1.626874 17
2.370394 1.643086 17
2.255878 1.447165 17
2.063097 1.461779 17
2.452921 1.393806 17
2.363068 1.355023 17
2.41553 1.683588 17
2.445038 1.636833 17
2.549495 1.616838 17
2.047373 1.552317 17
2.420308 1.659585 17
2.429344 1.781907 17
2.251021 1.565791 17
2.421378 1.467196 17
2.36308 1.733427 17
2.579086 1.660562 17
2.454544 1.514567 17
2.186727 1.683524 17
2.300159 1.518177 17
2.325511 1.439739 17
2.169236 1.508189 17
2.235291 1.547806 17
2.415602 1.762008 17
2.128753 1.553391 17
2.263282 1.497264 17
2.110772 1.388124 17
2.478834 1.530314 17
2.148926 1.599787 17
2.057091 1.494534 17
2.520174 1.393556 17
2.38113 1.76322 17
2.580308 1.417921 17
2.295189 1.369612 17
2.194798 1.409633 17
2.34117 1.750839 17
2.298242 1.776445 17
2.318116 1.807954 17
2.340199 1.671728 17
2.472344 1.656567 17
2.289957 1.716883 17
2.252095 1.606404 17
2.30682 1.654918 17
2.233749 1.593812 17
2.090606 1.427777 17
2.069062 1.521852 17
2.234114 1.463799 17
2.396665 1.357149 17
2.272228 1.65476 17
2.450617 1.761223 17
2.55785 1.51301 17
2.349114 1.408211 17
2.257448 1.707189 17
2.249454 1.672639 17
2.419654 1.397542 17
2.276072 1.750522 17
2.377391 1.799957 17
2.434545 1.531808 17
2.206842 1.344479 17
2.521685 1.499603 17
2.485416 1.385414 17
2.338591 1.379821 17
2.485637 1.681365 17
2.165171 1.350043 17
2.520511 1.734438 17
2.225077 1.661589 17
2.390729 1.549275 17
2.318524 1.585742 17
2.564103 1.725396 17
2.277697 1.592593 17
2.10595 1.560166 17
2.399368 1.64741 17
2.343605 1.646402 17
2.418565 1.432396 17
2.362623 1.586169 17
2.217955 1.38848 17
2.340107 1.615949 17
2.229701 1.364877 17
2.50171 1.54952 17
2.20507 1.546071 17
2.218075 1.696099 17
2.146962 1.395975 17
2.482675 1.779878 17
2.174669 1.587531 17
2.393499 1.425472 17
2.204032 1.318293 17
2.465139 1.609727 17
2.314507 1.679555 17
2.17646 1.315049 17
2.119926 1.445092 17
2.217985 1.572878 17
2.344429 1.70012 17
2.127316 1.352133 17
2.032924 1.527889 17
2.324395 1.355109 17
2.200723 1.653592 17
2.281868 1.388199 17
2.313677 1.70685 17
2.379313 1.38681 17
2.266189 1.329365 17
2.339802 1.461831 17
2.441719 1.446961 17
2.556316 1.654548 17
2.368933 1.439494 17
2.171494 1.470608 17
2.289945 1.337489 17
2.130835 1.495133 17
2.416379 1.810095 17
2.348868 1.808597 17
2.578718 1.622979 17
2.129508 1.419598 17
2.272909 1.533354 17
2.368548 1.827772 17
2.485625 1.417904 17
2.308419 1.752941 17
2.305559 1.548968 17
2.284633 1.461482 17
2.414749 1.580726 17
2.315221 1.392071 17
2.450018 1.727479 17
2.553216 1.384998 17
2.393283 1.449662 17
2.576165 1.495894 17
2.433099 1.703261 17
0.880439 0.635735 18
0.679284 0.724469 18
0.755557 1.011931 18
1.112228 1.04972 18
0.938408 0.96772 18
0.907843 0.765505 18
0.982278 1.118002 18
0.924097 0.722616 18
0.951237 1.04488 18
0.651452 0.824757 18
1.082944 1.001744 18
0.773153 0.694422 18
0.661017 0.668251 18
0.962624 1.087107 18
1.029184 0.81783 18
0.899606 0.871292 18
0.963246 0.802521 18
0.591956 0.841411 18
0.633687 0.732626 18
0.983491 0.998061 18
1.010549 1.059989 18
0.661134 0.776459 18
0.958477 1.174278 18
0.695691 0.632291 18
0.875128 0.611104 18
0.81902 0.747662 18
0.809239 0.938842 18
0.610021 0.761499 18
0.994658 0.843367 18
0.77637 0.805544 18
1.011094 0.974293 18
0.988044 0.903694 18
1.107449 1.024793 18
0.788361 0.722189 18
0.755986 0.828532 18
0.906545 0.836056 18
1.058177 0.993539 18
0.671448 0.904635 18
0.92597 1.000594 18
0.994193 1.030919 18
0.858146 1.193136 18
0.70259 1.051397 18
0.908533 0.678657 18
1.003522 1.185628 18
0.92133 1.102163 18
0.737061 0.774614 18
0.851977 1.101943 18
0.881646 0.824897 18
0.810349 1.139844 18
0.874125 0.975648 18
0.604246 0.986985 18
0.727129 0.87331 18
1.124162 1.127098 18
0.632801 0.770527 18
1.013193 1.209815 18
0.889607 0.704563 18
1.032397 1.134369 18
0.828944 0.646348 18
0.679668 0.98122 18
0.676693 1.026904 18
0.925875 0.85633 18
0.605107 0.714337 18
0.690591 0.691102 18
0.723395 0.913493 18
1.034704 0.772776 18
0.79204 0.641834 18
1.142383 1.143636 18
0.905988 1.03258 18
0.770295 0.866543 18
0.690263 0.663315 18
0.58878 0.788813 18
0.764406 0.971068 18
0.623623 0.648867 18
0.921991 0.796746 18
0.806365 1.103678 18
0.728757 0.623179 18
0.6557 0.692934 18
0.84447 0.752792 18
0.876467 0.880015 18
0.714697 1.088319 18
0.771648 1.103908 18
0.745333 0.805776 18
1.137714 1.102923 18
0.73684 0.970611 18
0.683473 0.816772 18
0.562828 0.757679 18
0.777108 0.662475 18
0.989393 0.680903 18
0.638802 0.799694 18
0.797988 0.773919 18
0.956445 0.873772 18
1.109304 1.171043 18
0.745502 1.043074 18
0.643911 0.628635 18
0.620537 0.820612 18
0.889452 1.222987 18
1.100821 1.132578 18
0.83358 0.993704 18
0.759304 0.638785 18
0.867937 0.852229 18
0.558592 0.89609 18
0.935284 0.823862 18
0.560458 0.961495 18
1.064911 0.894289 18
1.05492 0.814126 18
0.915778 0.890269 18
0.925324 0.62608 18
0.723969 0.798755 18
0.93041 1.028169 18
0.885819 0.793134 18
0.987439 0.758879 18
1.074447 0.925683 18
1.060872 1.12835 18
0.55115 0.928335 18
0.818333 1.047815 18
0.628046 0.688875 18
0.688374 0.88415 18
0.783508 1.003341 18
0.604545 0.738894 18
0.636603 0.847048 18
1.03434 1.087705 18
0.795147 0.68082 18
0.820517 1.016313 18
0.900833 0.728161 18
0.895786 1.11543 18
0.951278 1.010946 18
0.696347 0.922132 18
0.901375 1.010343 18
0.931696 0.917843 18
1.056368 0.968265 18
0.765036 0.731231 18
1.082054 1.114993 18
0.95118 0.651687 18
0.609412 1.01627 18
0.927971 0.696196 18
0.887832 0.916506 18
0.593083 0.888597 18
0.748526 1.112846 18
0.690956 0.782982 18
1.010571 0.877783 18
1.011419 0.915689 18
0.719946 0.707654 18
0.83192 1.182905 18
0.819169 0.807788 18
0.983678 0.62343 18
0.644516 1.023352 18
0.782125 1.037271 18
0.648207 0.97836 18
0.80833 0.996545 18
0.628924 0.95998 18
0.715806 0.658724 18
0.848171 1.032869 18
0.871256 1.119207 18
0.790823 0.746029 18
0.946346 1.233038 18
0.81223 0.913082 18
0.590287 0.812301 18
0.584944 0.768044 18
1.054631 1.030045 18
0.747387 0.712686 18
0.958052 0.939202 18
0.571294 0.992919 18
0.721845 0.750316 18
0.74069 0.652527 18
0.725065 1.013999 18
1.022016 0.947466 18
0.627544 0.937294 18
0.903326 0.945345 18
0.976221 1.057056 18
0.805333 0.833881 18
0.910996 1.142763 18
0.691128 1.003195 18
0.979892 0.733289 18
0.577856 0.91814 18
0.771069 0.778557 18
0.831758 1.157087 18
1.016757 1.006731 18
0.839655 0.904799 18
0.839471 0.795138 18
0.958251 0.745419 18
0.831065 1.080482 18
0.658373 0.860151 18
0.765215 0.754243 18
0.866573 1.06483 18
0.826559 0.829933 18
0.74774 0.675164 18
0.588541 0.946144 18
1.12884 1.079994 18
0.995182 0.936707 18
1.074979 1.086873 18
0.81632 0.622978 18
0.904167 0.647711 18
1.043383 0.867171 18
0.647205 0.887403 18
0.896065 1.164619 18
1.101326 1.088889 18
1.007886 1.107264 18
0.87014 1.157124 18
0.778672 1.066663 18
1.075777 1.183423 18
0.616228 0.872925 18
0.747817 0.901148 18
0.711908 0.77436 18
0.645833 0.917946 18
0.827273 0.675594 18
0.667832 0.951096 18
0.886779 1.089956 18
0.867747 0.719336 18
0.955526 0.695615 18
0.689824 0.848396 18
0.556059 0.810216 18
0.793844 0.892897 18
0.834272 0.862633 18
0.948664 1.142152 18
0.66004 0.743459 18
0.907893 1.056363 18
0.983024 1.200941 18
0.961821 0.908585 18
0.810916 0.975272 18
0.727805 0.838069 18
0.993756 0.814854 18
0.840595 0.93965 18
0.988386 1.914517 19
1.285775 2.24489 19
0.981176 2.078445 19
0.753988 1.884746 19
0.940301 1.87818 19
1.053318 2.169917 19
0.864844 1.972395 19
1.266118 1.967366 19
0.935308 1.95881 19
0.923612 2.155914 19
1.216423 1.964124 19
0.975928 1.973159 19
0.930358 2.277098 19
1.283381 1.905525 19
1.196497 2.252443 19
1.272157 1.880795 19
1.226655 2.110099 19
1.297997 2.211028 19
0.8594 2.012901 19
1.339139 2.234404 19
0.84351 1.917326 19
1.354936 2.038452 19
1.331674 2.174226 19
1.129737 2.076091 19
0.997009 2.054725 19
0.932659 2.222412 19
1.228573 2.14153 19
1.302155 2.039158 19
0.954065 2.206591 19
1.069994 1.908797 19
1.293782 2.170309 19
0.898077 1.871818 19
1.314157 2.24806 19
1.06859 2.194131 19
1.048957 2.031027 19
1.222611 1.923808 19
1.069833 2.071857 19
1.380235 2.047885 19
1.209995 1.942219 19
1.091629 2.1754 19
1.247929 1.926734 19
0.900628 2.246209 19
1.043161 1.87382 19
0.94775 1.84905 19
1.292437 1.967129 19
1.220019 2.167226 19
0.886572 2.214651 19
1.161209 1.946474 19
1.373469 2.109646 19
0.802607 1.971956 19
1.378162 2.018992 19
1.096878 1.985237 19
0.940762 1.997249 19
0.986235 2.17063 19
1.195889 2.141884 19
1.059864 2.136867 19
1.323995 1.982804 19
0.995038 1.86032 19
0.965825 2.121028 19
1.069976 1.880076 19
1.175821 2.086942 19
0.947516 2.057043 19
1.014561 2.171713 19
1.016229 1.998751 19
1.169999 2.235204 19
1.011074 2.127489 19
0.991621 2.144174 19
1.189428 1.912791 19
1.237979 2.196684 19
1.262431 2.134811 19
1.023903 1.886614 19
1.272051 2.03324 19
1.01669 2.228036 19
1.250348 2.22126 19
1.018574 2.259733 19
1.105381 2.082893 19
1.033038 2.199594 19
1.130704 1.916601 19
1.094924 2.223715 19
0.83315 1.952883 19
0.949398 2.091723 19
1.01317 2.282584 19
1.205588 1.998934 19
0.906869 2.00919 19
1.107403 1.946978 19
0.883302 1.994751 19
0.797082 2.018426 19
1.19793 2.028417 19
1.003426 1.952814 19
0.838597 2.034575 19
1.320259 2.016526 19
0.914682 2.077424 19
1.209579 2.193455 19
1.13135 2.238415 19
1.164474 2.037921 19
0.856626 1.880785 19
1.022508 2.07643 19
0.863231 2.147939 19
1.141129 2.204154 19
0.927618 2.03615 19
1.288185 1.941456 19
1.291351 2.148422 19
1.08716 2.049317 19
1.143875 2.093723 19
1.163124 1.892184 19
0.96376 2.016566 19
1.209983 2.225818 19
1.38596 2.073419 19
1.145537 1.969967 19
0.978617 2.245681 19
0.772748 1.905404 19
1.280576 2.076268 19
0.851368 2.098082 19
0.813227 2.054783 19
0.881373 2.03091 19
0.96083 1.90068 19
1.23399 2.01808 19
1.031186 1.918652 19
0.870852 2.188753 19
0.936808 2.13549 19
1.035906 2.106534 19
1.059046 2.008307 19
0.988653 2.001049 19
0.878174 2.125021 19
0.969771 2.1441 19
0.859868 1.852684 19
1.131484 1.887657 19
0.746461 1.833224 19
1.24781 2.062671 19
1.152903 2.259333 19
0.803378 1.94149 19
1.286616 1.998377 19
1.196903 1.864724 19
1.053838 2.216407 19
0.895389 1.932352 19
1.102053 1.873845 19
1.188734 2.285927 19
1.077526 1.948018 19
1.25152 2.102954 19
1.042037 2.235508 19
1.183369 1.949638 19
1.27017 2.186519 19
1.216361 2.293288 19
0.903781 1.969717 19
1.102453 2.269861 19
1.125822 2.159749 19
1.021393 2.02865 19
1.367723 1.998632 19
1.180374 1.977474 19
0.819216 1.998895 19
1.132363 2.045483 19
0.948515 2.257662 19
1.244485 1.872228 19
1.13793 2.125896 19
0.81106 1.874337 19
0.788428 1.847324 19
0.933958 2.191148 19
1.239114 1.96315 19
1.127731 1.996424 19
1.307549 2.188888 19
1.31754 1.922845 19
1.21934 2.044901 19
1.220868 2.265532 19
0.893708 2.057016 19
1.051367 2.292395 19
1.030505 2.147128 19
1.100796 1.905206 19
0.883012 1.905905 19
1.084596 2.14373 19
0.814703 1.910152 19
1.054967 1.971554 19
1.188966 2.050319 19
1.169413 2.173999 19
1.084772 2.115695 19
0.77074 1.931241 19
1.265884 2.280173 19
1.252867 2.162455 19
0.890003 2.097213 19
0.914737 1.851646 19
1.02086 1.850679 19
1.306965 2.288325 19
1.332369 2.064404 19
0.877113 2.164674 19
1.15817 2.01288 19
1.330937 2.205162 19
1.291745 2.109752 19